25 175 274 132 169 247 151 257 52 77 9 153 123 94 69 135 194 1 37 233 97 186 251 120 30 288
21 130 183 165 2 211 84 49 178 189 293 46 270 240 143 231 262 43 145 141 115 289
14 12 106 265 124 139 118 201 131 70 101 42 269 114 177
17 149 173 278 208 272 229 279 47 297 215 252 71 181 235 93 90 61
16 228 176 142 192 67 78 292 223 196 20 199 119 25 283 190 191
16 206 126 17 100 66 154 280 104 264 31 255 10 117 253 89 170
12 59 155 152 81 76 147 6 48 140 22 160 298
10 250 238 219 112 98 138 23 237 73 258
6 182 55 51 242 205 83
6 266 291 16 5 195 197
5 35 45 248 109 163
2 256 287
0
0
0
0
0
0
0
0
0
0
0
0
0
0
0
0
0
0
0
0
0
0
0
0
0
0
0
0
0
0
0
0
0
0
0
0
0
0
0
0
0
0
0
0
0
0
0
0
0
0
0
0
0
0
0
0
0
0
0
0
0
0
0
0
0
0
0
0
0
0
0
0
0
0
0
0
0
0
0
0
0
0
0
0
0
0
0
0

