60 5109 8269 795 1748 62 2565 3046 933 8332 2593 4858 9858 5587 6812 7838 8326 544 64 9169 2502 5423 1524 6414 1758 5436 3109 3406 3415 8411 5640 1690 8532 5310 5558 2122 6055 3242 6432 8216 2603 6610 2111 1643 7837 777 9375 9591 4116 2370 4280 4671 9996 6973 9492 5865 1965 4166 8621 1114 9231
50 6704 7128 8201 6719 7477 7788 5961 9428 5736 2198 955 8984 7796 2002 8683 6727 3753 2822 1799 6695 8986 6716 2016 8569 4060 7900 5421 4274 6200 1792 330 7375 8609 1517 6870 4919 3436 8536 6764 7723 5353 6396 5007 5322 6141 3363 1372 9865 9749 2159
55 9491 7138 9096 5962 482 4799 9947 1257 5907 6769 8957 1671 1179 495 340 1031 1614 1993 4109 9381 3804 2228 8261 2908 6128 3994 5703 7205 7579 570 8642 2206 1233 8646 617 2591 6685 3956 7954 2895 3416 9084 9467 4766 695 5588 9226 5571 3029 7495 4114 5906 1514 9454 9535
72 7162 6342 2050 2125 8678 1108 8225 8709 9252 7144 4018 8184 2643 4355 6948 1237 4271 4704 5195 8846 3490 6512 6625 1935 3924 1061 8752 3011 2619 6918 9852 7790 5688 6946 1236 5505 2995 753 775 1798 3631 7381 8173 8783 8910 4490 1660 4446 9023 6176 9665 2473 3796 3057 4278 118 8761 840 9513 884 3587 3675 9015 8113 6735 7599 146 5517 3921 3952 9639 5139
66 2402 9572 9631 9763 351 6216 7276 8974 3153 6489 123 9933 857 7575 2197 9036 2333 1181 7104 3923 8960 333 9215 4836 875 1104 9965 1221 5259 1382 2798 24 963 3965 8379 31 691 7280 7742 3190 8648 2365 411 7081 1215 3693 3831 7496 7816 5473 8748 1560 6651 268 6172 7590 4852 5980 7965 6442 858 503 1589 815 7916 6107
67 4677 9550 9406 5161 2928 6148 5910 3023 1530 5857 6416 9157 3966 8739 486 8638 7142 5660 1604 6572 4160 547 9748 6160 3283 7436 4362 3938 9734 9208 2424 5553 1508 1216 1700 2350 304 1992 6274 5943 7426 8863 5241 7260 3888 2632 367 725 9669 4295 456 2698 7593 3385 2401 9674 6104 269 4531 4855 2898 1013 8791 9255 4690 4894 5263
42 6492 9128 8075 4380 8767 4383 6281 2980 6485 1784 8163 4328 8645 8224 3451 9200 743 9890 8774 3791 8979 8925 8831 996 3027 4495 8529 2244 5731 6985 3050 8704 5032 3108 3764 732 8690 1867 821 521 5579 7122
61 7828 8593 4967 1446 3438 8701 6269 3614 2625 6286 7632 5648 5730 3981 9361 3630 4169 2655 7776 5452 8397 2528 1346 7129 317 1483 393 8488 9539 5290 6534 2404 9364 9652 3762 8450 3296 8828 1332 1611 6615 7493 8505 7248 347 9633 3569 1791 2964 1535 5414 8118 1527 8946 154 6156 223 5148 2829 9303 662
69 102 3315 4265 6815 1484 4149 3419 2010 7315 6620 3946 8306 4469 5076 2734 683 9604 9267 9973 1419 1505 5787 936 9641 4083 2055 1251 1437 6130 3280 7884 4347 598 5720 5783 4235 5395 7091 8475 90 2920 6299 2181 79 2835 5614 1744 2958 6374 6736 7652 4501 286 4685 5933 1841 3111 3734 8140 5864 781 3539 7611 7949 8284 2334 9774 7589 2573
76 4406 4745 9453 9569 9912 856 142 5897 2836 7057 4000 6383 3828 3878 9410 1465 1852 4557 9188 8438 556 3186 1232 2172 2555 5679 8219 1213 1812 1210 296 6571 7957 4013 4024 2187 8099 2131 9210 6457 3724 7226 9694 637 9602 716 8337 518 8592 4027 7448 8554 2975 4492 885 3749 4171 5513 3633 4519 2930 6182 7408 3983 4172 3101 803 8010 8407 9275 2919 3209 1605 5455 5634 8757
57 2537 3207 1434 6773 4762 9938 3087 3260 7324 4467 6134 7982 4194 8878 3626 7469 1679 1306 5653 5792 6911 3709 7782 5854 907 1495 1352 837 6108 6214 8143 2093 8564 9483 2659 1920 2127 2539 6381 9884 2755 2174 67 4119 9594 3422 9183 4617 8199 8803 4052 8346 2877 3557 4258 4929 9844
60 5727 1866 1132 6415 9402 2628 3786 8281 4206 4239 1385 1607 8716 362 7415 8962 8967 4507 9562 3543 4112 9165 4741 5510 2966 954 8243 7076 1065 2373 4979 6259 3504 4816 9723 9828 5782 218 431 1473 6921 3898 4775 5652 6378 9720 9985 3 5742 1449 476 4953 5991 6062 830 7192 3687 5443 1403 5035
75 1579 4144 1672 7362 1922 1945 5296 6072 1580 4050 6944 3973 9436 6422 1150 1844 1901 1090 2098 5956 8090 8528 6595 3592 6361 1373 773 8472 4538 1663 1749 2124 9916 445 113 8987 9635 9859 5292 2662 7722 3723 264 9301 3527 5151 2579 9152 4676 7595 995 8230 8930 9398 5008 3492 7284 5738 4069 4076 8178 322 6637 4986 2584 5301 3610 7585 4542 5632 5635 6707 2204 5938 3580
56 9725 964 151 2545 4687 363 5926 9932 5643 2121 4464 915 962 3541 9557 8506 4505 6035 2279 7229 8273 2416 7687 2280 5416 7102 6239 3586 7526 7314 4092 3325 1392 883 6288 4314 734 1740 1146 6573 3632 9223 1319 504 5283 7560 3844 4703 9992 197 3922 6820 8026 4432 645 9422
58 2307 9775 3125 5918 6690 8742 8955 2230 277 994 8157 8824 2441 8335 8492 481 7158 9785 1212 9994 4964 2389 5700 6353 3670 6332 1668 9478 5917 3445 3990 680 784 6828 7890 5254 5875 8425 9354 9883 9111 9171 4659 9750 5825 2961 3944 4332 9168 5450 8545 943 1017 5189 2850 6186 3393 2575
47 8512 6021 3551 534 9271 787 4375 1248 9108 7534 6678 7716 5245 3229 2470 5028 3763 6358 7825 9363 2529 3041 7461 3807 765 2240 7431 6408 6861 89 6980 5650 7303 9855 790 5262 1117 6135 8689 29 9914 7797 7930 4155 5298 5912 616
66 4731 6623 5004 5975 2827 3049 897 8509 9047 6328 7364 3876 4835 9860 8396 4245 9662 132 905 3801 2250 9392 4895 189 1450 846 624 1617 1793 9150 7109 76 17 2916 7591 8128 2274 9240 5853 6417 3459 3816 9281 6114 3826 726 6537 5252 1313 4275 8469 2546 4571 9358 3352 9038 1501 8787 6079 6597 6157 3784 1085 4466 1347 3960
62 9230 4689 1771 2647 3810 5867 3037 257 3221 7979 1256 3236 4887 5808 3773 7143 5978 3858 4854 3127 9333 1459 2156 9028 1952 4057 8882 8853 168 2229 2688 4783 3822 7087 1168 1694 9201 6240 3949 6025 1931 4636 7215 8766 2911 6060 4224 2505 6346 3334 5567 7865 8914 2750 2114 8933 668 7630 652 3548 3760 7562
58 607 8448 4253 8966 2241 9619 5336 3054 6122 6401 5433 2139 5408 187 6617 8479 6907 5752 3803 8002 8421 4587 2968 6263 7193 945 5344 6859 7450 7970 3625 9160 3150 3275 7724 7732 9470 4025 8940 9698 6603 4196 1166 3368 7746 8747 7808 4439 5631 2937 7518 4789 2934 6699 1948 6425 6591 9417
53 1907 6569 8275 5601 8712 2779 6787 6982 1189 8316 5692 5889 761 7945 8380 2070 8331 2367 6089 8060 7083 3930 4494 8773 4590 6336 3211 1765 9042 5784 3339 4339 1691 1024 4264 1544 6837 9037 7779 1260 5467 27 3996 600 7466 2523 1478 3282 6493 9121 6789 4868 7092
64 5904 1496 8829 2754 1665 1692 2534 6028 3995 9810 7056 136 3799 9976 2745 3824 3962 4103 6423 4135 8934 2997 8252 9840 5235 7583 7922 2988 6675 9909 3232 3359 7758 9062 1290 3365 3554 7279 239 9161 8811 9506 6042 7339 8278 4197 2266 9576 1701 3905 5687 4468 9330 3688 8127 461 225 7476 7679 3865 2004 6007 8652 8376
50 7733 3736 8602 5506 3715 3624 7471 3729 2926 5071 8222 2499 592 1770 1430 1231 8066 8812 2788 7449 3404 9132 2826 1191 179 984 2428 6621 4450 1284 3887 2611 5468 7667 9941 6845 5728 8353 8473 182 4368 2880 2967 5953 6151 7345 5534 7270 9222 4129
58 9476 9754 9102 2288 4751 1050 5830 3391 5624 3233 2623 6702 4040 6776 2006 8294 9966 7474 65 8464 2456 6360 447 5490 6714 6825 1764 8189 9902 9919 1335 1542 3505 99 3578 4299 7775 2351 2431 9278 4912 1712 7139 5265 5620 2044 1563 9283 2209 5084 6697 4154 8616 9904 636 1958 1513 2034
64 8510 5442 655 808 5366 7783 5536 3599 1813 125 1071 4564 5911 4903 7263 4516 9957 2580 3006 6474 1717 4533 2549 6728 3893 3943 1299 1391 7541 615 3400 4417 603 1914 4540 5352 2685 6339 203 324 3093 3939 6058 1597 3528 1847 3848 4074 4828 4334 895 7864 673 1653 7365 8166 9999 5043 1410 711 7929 6110 7550 7145
59 7356 7392 7781 161 3708 8300 9332 7623 4624 2143 3169 6469 4021 1533 6397 952 8202 8795 1729 4595 8013 8061 8779 4541 9971 5194 6869 7987 1500 5182 3165 3254 1997 8054 8753 3341 6376 8868 4521 7097 7377 233 7527 1029 3819 898 8029 4028 8159 4402 9370 6657 1928 2936 8814 8971 9848 8538 3294
66 2147 3766 6232 8420 9144 1624 831 3439 9485 9845 8663 4583 4996 6688 1751 3877 1106 2357 7730 2130 653 442 4277 415 117 8443 9901 1906 8685 9415 5964 3685 2201 7190 9839 3825 3904 6311 7713 4102 5992 8726 2564 8834 2393 7831 11 8533 4366 7529 4892 5051 1358 4428 9670 73 6275 3202 1790 4233 9418 9823 1510 4242 2938 3779
65 586 2540 9590 5682 5709 7629 1984 8435 6013 6800 9475 953 7919 1440 3895 9117 7154 2343 5403 8977 4699 5753 2998 3593 4221 232 3902 7841 7862 4500 364 6087 6609 4740 9745 1879 8290 9423 2917 7249 8206 261 1176 590 3152 162 6000 3064 3248 2453 9747 9827 3337 8813 416 7552 3015 2475 6803 3059 5494 3302 6694 1407 1163
55 9374 7567 4871 9170 2339 6963 1853 4460 385 7648 8328 589 7274 1676 4512 9204 4910 7686 4326 1200 778 464 1455 5970 3033 8524 7039 7185 8525 2375 5079 3609 7465 4794 3173 1043 5025 5765 3287 1856 7108 1350 1371 6258 5952 3091 9461 4156 7488 1549 6749 2522 3113 1675 2287
56 4424 8552 4899 1615 7312 2099 6073 455 6927 7792 2180 1953 7013 8358 9328 6788 9983 3767 7165 3285 1300 112 2709 1211 2574 7984 9057 9393 3855 3901 8579 8068 8622 5096 3817 2931 8351 8618 9646 5380 1854 8487 4296 6199 1195 887 8386 1185 1245 9640 9667 9903 5672 153 4665 9076
73 9615 6645 3509 1666 7745 1267 867 7394 9109 9142 397 546 1268 3408 7497 1462 4893 9620 7542 3051 1445 3324 2257 4811 1525 3336 6996 2056 5516 5928 1539 6185 9587 5121 1357 5866 1678 300 3820 8763 5908 3306 3577 8022 9629 7475 7006 3493 3997 8313 1228 9913 2661 3866 9540 9943 7421 7902 5651 6039 5870 6287 446 9772 6433 7395 2368 3122 9524 1737 7031 9219 4159
66 3584 7719 1152 3414 2233 1431 832 466 4717 5974 4223 9344 5253 7908 4084 8973 1323 8133 81 2752 7319 9112 8527 1845 4889 149 5501 5218 345 529 4358 8120 8675 6905 7771 5074 6162 3269 6557 271 1109 728 9834 2791 7523 8289 1337 1387 5131 3185 2495 8034 3143 4958 948 7645 7710 3778 4694 6881 969 3988 8632 7657 3843 1959
39 7068 7756 1609 7261 4915 5123 5324 5609 5814 4661 539 9313 3210 8780 2650 3335 422 2090 2260 9365 6394 2955 4327 5941 3853 8344 6074 8896 8130 2984 7454 9022 2886 1568 4883 4435 9599 1456 247
57 6409 5566 1894 5160 3298 3502 7780 1015 2222 2730 6858 6165 2166 6382 6092 1633 7539 253 4195 4370 1538 2031 4728 2666 3136 3317 7972 7298 7370 6273 4061 9371 1742 8312 4642 1378 5525 3460 1743 1801 2028 6860 7040 8982 305 7960 6109 6608 325 7342 6865 3890 9239 2419 2559 2606 5250
77 6738 5824 4443 9105 4626 3665 700 6005 7971 8935 2792 7243 3881 8864 9990 312 7729 8046 1008 8080 6026 4950 579 2957 5922 9075 6863 7029 9806 2158 8832 6044 8777 1068 9206 2553 5724 8612 9715 5293 1557 6926 8567 8710 19 2776 4572 9611 9280 9153 8006 5339 1190 8515 515 4857 4978 1318 4580 5575 9305 3602 797 4215 9791 6916 2970 2446 7292 8418 4474 7680 6553 424 5518 3418 6951
68 1735 7921 8640 9658 5568 8197 730 7354 5001 6601 3565 8861 6001 3220 6760 7689 9680 5146 5960 8453 9414 9688 217 8037 5214 6093 7806 5172 1654 9 9440 1192 7963 3534 8951 9507 1480 7803 2585 8819 7662 8439 9882 1264 9821 9991 5500 2751 751 1772 8134 8534 5619 6334 7427 9329 2384 3730 7777 3989 1089 5522 4885 9837 2195 2263 3022 6890
71 6529 7071 7222 2061 2261 8385 1266 9537 2823 9050 6925 8154 3499 9480 6366 2151 8129 664 5888 6508 9521 5708 6709 2264 5409 5062 1188 2218 5018 4820 2395 7974 888 7977 4440 1321 6619 3441 2634 7744 5125 1305 9661 7307 7361 1947 2021 1996 6912 8292 6952 4231 4238 2600 5244 4972 8844 5133 8900 1286 6233 7606 334 387 1862 5557 2695 2814 5759 8370 2371
60 143 1506 9927 3310 7937 2273 8280 8647 2340 2765 2909 392 4220 8558 7308 7571 7608 2079 323 6235 4656 5288 6824 1938 308 702 7151 5739 5959 1843 3213 7417 2012 1011 6873 3637 9598 339 5461 684 2144 8976 9118 6614 5011 6282 6589 7011 4941 6983 4599 9995 4869 206 1720 7546 61 987 3979 6020
62 1291 2065 9493 581 9564 3155 7478 3514 9391 211 800 9600 1060 9092 4779 2520 5396 6942 3964 498 9088 9026 5493 767 6993 241 4780 5458 785 4522 9056 7457 2225 9185 9565 4293 2040 1469 9986 1837 7434 5511 2790 6959 3977 4747 8839 1261 4732 5840 4072 8495 9982 844 2045 193 318 6177 2866 4096 1398 1584
64 6582 9098 9429 9556 9960 3411 8303 8754 2556 3279 3524 1834 5034 1874 7827 6393 666 5642 6743 1428 6823 6561 9861 6187 8074 2207 9948 1824 961 4791 9532 8604 7845 8301 1328 1746 1519 5971 4153 4486 9147 9448 3407 282 4851 3024 4286 9741 6036 7773 9533 3781 509 7272 9888 8007 8478 9762 7241 487 1591 8816 6659 4691
75 1904 957 7665 1964 4888 6744 2627 4674 4760 3802 5478 8302 9712 9918 5776 7625 6190 7849 2324 192 1338 2747 9032 4350 1331 1369 3149 1007 8553 9613 4454 8362 5427 5849 748 1204 4192 4981 9114 5303 7123 7366 2508 2113 6919 1036 4823 3172 9714 9270 3432 914 5402 6731 3928 2466 2138 6256 8082 4225 2915 9261 3570 2910 6499 8947 8615 1520 9136 8573 4497 3364 6782 575 9928
57 9237 6846 6882 2330 3754 6301 9536 3827 4973 5563 9167 4880 543 4576 890 8454 9306 9820 6144 7739 5608 6518 4808 681 5667 651 8585 8730 3246 5981 8354 9959 5496 4087 8274 2083 8644 7914 7925 5618 2091 2132 4831 4904 9949 1648 5202 694 6406 3782 1485 6646 4989 5302 106 8909 235
57 755 1912 7896 4317 2321 428 5630 6032 3908 4798 9804 7728 1063 3652 8952 5369 1084 4344 436 3137 6081 6297 3868 8196 9514 2434 1294 5356 2878 9832 9972 3119 8969 6559 4064 2173 6372 6567 4511 5363 408 7294 7428 2458 5092 3993 3263 3055 4517 9496 4757 2729 2838 9484 5894 6064 3978
79 2019 2977 1529 1710 6668 5105 9553 2812 6139 9176 7210 3031 6834 4477 7913 1375 568 4977 2953 538 1250 2282 4748 6224 4348 6662 1052 3338 1787 678 5484 5572 5942 1796 4886 116 9782 2190 9207 5393 7038 6635 7300 3703 4414 9220 5058 1622 8266 6661 9722 2074 4844 6338 5565 8138 4182 404 8390 618 7676 528 2513 7840 5807 3707 7682 9228 1311 1911 754 2052 1851 4830 5948 6580 918 4312 3358
49 9833 1199 7743 881 3710 8220 8221 6841 6976 3585 2096 601 7195 7793 9024 2234 686 2251 6010 924 7660 6549 4879 8249 8797 776 4162 4987 2874 3969 9636 6807 981 3954 8352 9449 9356 3948 8551 2614 6519 5596 9685 6444 7117 8033 209 1987 9822
48 2018 2067 7133 7735 4191 8504 78 3437 1009 6293 6309 8165 9579 2948 2538 9203 1259 9119 5168 5268 5999 9663 2116 3384 1101 9366 9716 9746 338 6830 403 6045 6758 865 5124 5391 8255 3936 7725 2000 567 8234 1227 9659 9123 5149 3522 9701
58 2982 9133 2530 5412 8058 540 6410 413 1716 3907 8000 8983 6368 7256 460 9156 9895 5410 352 8276 1075 8843 9045 5462 9870 3395 7953 6734 5012 3680 3204 7420 9403 1531 1732 7933 4075 7328 7892 8781 4401 9585 6222 791 8403 5932 2978 6538 8115 9078 6505 3704 1923 7167 3892 2746 2630 5067
72 7041 1951 2913 7414 8513 5009 1873 5677 3123 7325 3042 1603 9435 1301 2959 2521 1234 8207 9048 9608 2817 6242 1080 9012 1242 8537 1329 9292 167 3097 485 977 7988 4963 1367 3105 1023 4562 1240 8241 9380 6961 9730 2414 2527 2214 3458 8643 8890 8932 7655 1333 4483 2810 3347 4925 1492 54 3191 8108 9082 9812 2331 4047 679 1303 5717 1550 2605 7212 1444 824
60 5449 6510 4365 1151 1547 6278 8587 3453 1999 1047 2231 9744 8929 1451 4298 9394 329 4445 8447 5321 1000 1057 4707 7110 1779 7516 9043 1639 861 7770 9508 6011 3265 7472 9648 4861 7176 2335 4088 8635 1602 737 6345 7940 8714 5407 5448 878 7741 8601 6586 4186 462 7464 9457 457 5147 3322 7152 8480
64 1219 4393 1220 4285 5281 2873 6900 3945 8873 4795 1258 2881 4874 8912 4817 6341 8520 4655 9447 7050 9566 532 6947 6271 8347 4308 4653 2762 3062 8614 4952 63 9676 3077 8664 3331 8481 2960 3852 9053 2399 2700 6631 4005 635 2053 2073 4227 5444 9351 3128 6145 7147 2701 7042 4647 159 6208 5047 8003 8713 8889 2686 6892
60 8426 4210 8452 9197 176 3489 5184 8071 6280 7577 3342 8996 9441 643 2189 5734 729 9831 7103 9494 2900 7515 6140 928 1927 3787 3009 7343 7915 6681 6768 1849 1870 1112 9409 5519 3854 8457 1343 5544 5590 1627 275 9154 6169 1808 9584 6783 5663 5710 6761 7604 127 7191 8883 208 6632 8847 718 8056
76 913 2406 5083 6958 2337 7027 2100 6347 3344 6957 1288 8055 8217 2780 3151 254 2590 7726 8295 5714 697 7171 4670 8758 9679 6914 5013 2713 5542 5659 4367 5335 2008 1439 2062 5460 2769 7373 2063 2245 9968 2624 5381 5844 3836 2208 8694 9302 9439 9678 2078 8427 8776 5311 2764 7674 9235 6354 530 8350 2313 2778 3620 5242 6211 8760 9202 3216 1422 7251 5150 3732 8244 2262 8600 1186
68 1418 6189 749 3867 8323 4724 6473 2448 2774 6829 5406 5483 5576 5622 4030 5364 6778 3410 7762 8963 9269 7704 2409 6314 4504 2570 506 6998 3538 4700 8825 4585 1553 8319 9006 1374 8871 4637 9519 3929 262 5661 7242 3659 949 4212 8023 5699 5593 1940 8402 6878 477 4357 1278 6100 7159 7874 9526 1932 1574 6879 2141 5066 848 7196 4094 613
60 759 7961 1270 6153 8460 8132 1102 2392 6418 7834 2497 2506 5675 1803 7485 7975 9143 5185 3094 1479 9549 9793 7489 7514 8550 1628 8228 3481 2133 5528 2981 5983 3457 8867 9530 5418 2989 9603 1388 8179 4663 9896 5257 453 8174 3661 2025 7820 6285 4179 8898 614 9310 4282 8598 2987 3533 3044 3618 7621
65 520 3230 2289 6486 9263 3387 7549 8236 742 6249 6464 1170 6164 215 3744 8629 5261 609 4905 5020 1355 1144 2484 9216 3019 7053 9795 9781 5646 4556 4739 5271 1368 7555 3731 2029 519 2170 3043 7530 4340 5041 5213 2346 4911 314 674 5836 2237 175 1725 8756 2943 7433 9069 4627 5945 5 9284 2514 1924 3621 2041 9262 2146
45 8802 6565 4487 9322 5644 6296 7401 8702 8626 8954 542 2306 2417 6931 7350 4931 3020 514 7650 4248 9541 5502 9149 488 9628 9788 9942 7283 2985 1413 3129 1794 5359 4251 6525 7253 7923 7180 916 4336 7492 9002 1760 7306 2645
66 4787 4878 4552 4909 560 293 5507 9295 7536 4289 5173 2184 6546 6937 7168 4720 7883 6889 1224 7473 4136 5758 1636 1680 3987 2999 4313 9245 3154 9294 634 1885 7911 2613 5931 3879 4396 1226 2020 8210 9817 5365 8651 5827 6443 7402 9166 5389 5221 5721 198 7943 8369 4353 1326 720 8557 2294 7989 9248 6331 9490 4942 2990 6291 3004
48 9148 654 2128 8523 9847 459 3258 7821 3719 8237 7099 9452 5837 4009 4426 5826 6517 7348 6077 144 6024 5370 280 1667 5530 2359 7508 7748 6184 5693 1477 5696 4804 7894 3187 6123 2291 8978 5419 4276 9547 6121 6138 2188 7002 5973 2191 1555
59 3735 8361 9385 5920 2488 5357 55 111 1826 8359 4565 5165 2841 6175 3657 715 4610 4696 7016 2425 3124 8135 8398 5081 3025 391 3240 7021 2179 5801 7070 3619 4792 9347 8371 267 1159 6804 1828 8744 8897 649 1364 7877 3975 4620 5438 3575 7636 2223 344 1570 4304 9866 6988 3519 8745 3798 4145
49 3103 419 2386 1316 3536 2629 2314 9798 3581 2876 6954 4913 4848 5923 9288 2345 5330 8499 3161 7169 3332 5589 2849 6867 2164 335 8419 9460 9923 1528 6708 4679 9816 9312 1396 6893 3722 1715 4219 2576 3092 2664 7208 6523 5669 4105 4379 5042 9179
67 4356 6630 6868 4923 3052 5430 1072 1361 4711 5599 3433 8497 7932 6502 5480 8318 1464 7737 7754 5573 9711 4080 7155 228 4048 6030 3646 4307 7830 6246 3309 5951 3667 6726 4493 3498 7452 5208 696 4305 4749 2726 1447 6680 3008 8183 4666 5222 5969 8317 3668 3842 7753 7150 6871 3480 4770 3320 1217 5154 2786 1773 1275 7233 9191 3104 4161
71 9849 5169 6084 2341 5377 2515 8322 7958 9729 3167 6452 7506 9487 2767 3228 4864 5492 3270 6598 512 4260 9980 2899 3495 7755 639 9649 7920 5722 6031 1900 4611 8698 2843 1499 3508 9031 4901 6599 8959 8806 9527 2086 573 1868 7799 8194 6170 3174 9445 5716 7683 8980 2327 2738 1026 1126 4768 5892 4241 8568 4107 4510 746 4337 4545 5060 1816 9068 9070 3832
69 2486 6955 7668 8958 8343 1968 6252 40 554 4825 9315 2804 7707 3163 1397 1122 290 8715 9607 4959 3644 1097 6080 311 5831 6096 3851 9545 5577 5670 2889 378 1783 8160 792 5916 3423 8171 7019 3683 2344 810 8964 3616 8250 6318 7521 1053 8177 8782 1684 8539 4323 606 1472 900 4134 1120 9137 1647 1939 3891 3811 7993 502 3775 9372 4164 4184
67 7786 2766 75 1619 9984 9819 1414 5990 6462 2325 86 5533 9273 9951 1585 6349 1641 7587 8620 4530 5270 1115 9041 6133 3421 3466 4641 6343 2725 1661 7153 8603 1685 9794 3307 479 5774 2864 6724 7304 3035 4838 7093 7887 35 2768 9462 9955 4982 5913 870 1990 5786 2259 3058 4335 5850 6129 6602 956 1976 4461 5860 1651 1161 1325 7125
68 9186 9731 2583 5320 3215 7871 8484 6975 157 2724 4555 9889 2993 1655 434 7217 109 4876 4168 2621 4970 5019 9756 946 582 7983 1046 9377 4754 265 2819 2884 811 449 4261 1128 9925 8590 7712 8826 3424 3635 1486 2199 2618 5884 2390 3757 6669 2165 5725 3666 8749 2423 6326 3268 6648 7715 7064 1018 4866 6355 2589 2744 3572 3606 7425 9952
59 4948 5232 1021 8283 4266 8496 8589 5949 9420 4391 1711 1526 9974 4006 5489 817 2991 1534 3830 8125 3133 7078 5882 5935 3300 8682 9624 6910 8437 4284 5104 2361 2403 523 5523 3318 8845 2510 6692 8560 8874 2592 756 7115 1724 3506 60 4140 8606 1457 1376 5613 9465 8624 5141 6428 2364 3183 248
73 1334 3372 3813 8336 2155 3674 8577 9124 7907 8467 4763 4157 3455 7853 9049 5578 372 4947 9766 5477 6592 8226 9940 663 6375 4938 9606 2311 7386 6451 6897 9129 5994 5691 6909 7811 8937 1502 6253 6480 6752 4053 2474 2842 724 845 7947 6816 3738 8084 5211 7049 8321 9672 929 1498 8919 3542 7344 1197 8902 5129 1572 5521 2268 677 5137 5741 5940 5972 8288 10 5676
72 6741 7986 7996 4697 2422 91 6 7815 4143 2285 4600 4283 1512 6056 6391 9353 2852 4509 5372 5750 2941 6701 7387 3289 6876 9836 2183 5761 3326 1243 5876 7600 4255 5706 1703 51 3863 8788 2558 8392 8670 3007 1739 4589 0 8111 535 4865 5848 5902 4570 3684 8809 7277 8576 7 3971 1855 4727 2037 9695 3095 3316 7236 1869 8144 9871 401 7037 7699 4180 9196
59 6576 7430 7509 4395 8931 1238 6102 4101 569 6790 1730 6070 4933 7051 119 9479 2455 303 5388 1670 5280 7405 1141 9573 4992 2894 2243 1389 5629 5740 3099 8091 9930 3549 8543 5431 6667 3970 8805 9005 9958 5178 2660 6027 7288 7568 7708 7994 9915 2950 8038 8432 3357 6805 6317 8633 3160 6221 3967
78 5191 9331 6367 4508 9033 4518 9289 4603 2064 5612 3250 2832 6351 8378 5015 4488 8688 1223 1494 8063 8784 4267 1253 3295 1656 2748 3484 4234 9177 4405 8158 5654 4310 5021 5963 7240 4199 2498 9799 1518 8028 5346 6289 6903 2380 1296 9534 465 4423 1995 437 4784 4824 4998 822 1820 4294 7851 5979 919 2149 632 2663 3641 4988 9192 6818 908 9352 7275 2085 3217 7111 7525 8368 5713 5905 2299
70 7189 4441 7659 4147 343 7709 2379 9067 5181 7327 8417 9089 9151 1815 7936 5805 122 4349 1887 9300 8850 5769 3039 3166 3237 4249 5036 7250 7768 4455 5274 2670 48 3274 7112 7333 5026 4800 7807 356 3743 7486 8044 8145 4918 9297 9728 6197 7769 9825 410 9455 8990 1833 7301 6498 8659 2723 7023 1040 1503 2673 4165 399 2032 1516 2567 3074 8684 899
59 4351 1695 4714 5101 3672 8413 5684 3249 9063 577 4613 9703 8623 4841 2858 6670 1162 9551 5637 7065 8430 1565 6570 1171 2833 6088 3985 9710 1888 8103 5073 5354 283 1577 7216 7456 3742 1669 3367 4421 5440 5899 8442 2312 4771 4581 593 641 2907 108 2519 5681 41 1797 9886 1942 9707 5841 3573
68 2824 4216 3980 4269 8810 346 2226 5777 1362 6698 927 8562 2377 6928 7800 7848 2297 2524 355 7588 4629 2703 134 212 231 4039 8724 565 8287 3717 8315 8459 5132 7451 6310 6611 213 5603 396 4051 177 9502 107 7363 4346 9621 6411 5877 2444 5002 661 3157 3198 9797 2654 5927 7355 9742 2196 8503 4262 3291 6147 788 6437 3755 8886 2385
75 1062 9054 4137 8440 1056 8876 3305 2903 7245 8461 4543 7822 4778 5446 2479 2699 4043 2887 8637 1379 5793 850 9653 5167 2620 657 2112 2691 5767 7459 3976 5312 3257 1842 374 7285 8594 491 7007 7423 2134 8786 4635 8502 2759 6094 3333 2541 2741 8668 8836 1279 5890 5987 3751 5780 4208 7047 3639 8305 1143 1164 8372 9917 5209 5584 6209 4916 5056 6325 9272 5390 6978 7556 6832
59 2771 4664 4773 6076 3045 6691 8580 9906 6479 6836 4302 9101 1785 3686 4178 4193 8405 8490 9660 5157 1399 3262 7096 7273 4263 8672 15 7824 3992 5862 9542 1766 3442 4071 4373 5286 3558 1722 4268 8008 3475 3402 8161 2372 7309 4715 421 8923 9416 5586 6203 1390 505 9093 1178 6002 9618 2697 5413
65 5611 6763 667 6057 7624 4612 6213 7061 4498 3253 3521 493 5258 3697 9875 5264 6228 6950 82 3321 8823 3131 5299 1307 6312 3523 4038 2608 4434 1107 7627 5029 1263 5852 3448 8412 3500 6264 4003 6150 6051 8500 3793 7904 7956 6295 7353 9146 5800 3814 8494 1344 3078 926 584 7164 5984 1623 4259 5621 7617 7836 7371 7322 3405
57 5491 8148 9770 7311 7616 2135 9500 7701 4802 4937 6167 7321 8639 8731 5238 5048 1130 9687 7574 5924 3720 4055 2644 30 8151 9357 4623 3378 2376 4809 5463 5227 8213 4361 4756 2426 4955 1381 3135 7244 2912 6178 37 4496 173 214 2715 6472 2692 6212 6585 6935 5535 6604 1012 1521 3201
56 319 7594 5633 1564 6622 6655 3953 8299 9234 4930 429 7320 8815 7714 5504 8360 8634 4729 7467 9389 7020 1515 6290 6413 2947 6531 5420 2811 2338 9778 3222 5224 1154 4081 8517 2176 5610 1857 5053 5103 5779 7570 7582 9879 6633 1872 7688 4090 5881 6556 8104 9808 4951 9001 585 9626
66 6844 7018 4118 2905 6583 7033 2270 4826 9477 7326 4547 9390 5555 469 379 3837 5967 6853 6877 3553 976 4484 9751 3069 1774 9922 9878 5788 6006 6298 6737 7898 5541 3060 9221 7691 6901 3501 3823 7700 8247 8705 8906 5384 5485 6054 7207 8155 5046 45 9463 9645 6962 3958 4010 8172 8474 4281 1697 6917 9135 9627 5591 7005 3636 6568
70 1702 8807 572 8393 1156 4388 2388 418 3071 6886 1145 6575 3752 8030 9702 6932 7607 3340 9407 2242 3483 3679 9843 4632 5499 5625 3192 8556 2851 7186 7802 7935 1131 4036 1777 8422 7172 2749 1616 4201 6857 2464 807 3239 4796 9892 380 4218 4604 9362 1079 9246 2557 8693 9411 9683 1978 8681 6217 8212 406 8666 1899 3196 6574 7438 8591 3194 1659 9899
47 9998 7069 3443 7470 1969 1436 3903 9217 6304 7163 1359 9682 9807 5316 7609 4139 8822 9656 2304 9911 7861 6616 425 2408 1408 599 6866 7269 1687 7330 4633 920 2103 2275 1850 4330 9862 3927 5106 5562 9029 1426 71 3380 3991 1172 7008
26 3792 9443 5743 2901 3398 8102 1727 4807 2844 6352 389 2 1736 9066 6048 2430 5119 671 3278 1644 9008 2609 9700 5174 3276 7538

