24 4996 4126 2554 6627 6273 6348 3677 6998 7035 4308 5563 9792 1278 5889 1586 0 8320 540 7154 4729 6112 8282 2287 3713
26 5476 4951 4127 2019 910 3218 9635 7586 9834 9829 2408 1306 5334 6931 7393 6 840 8552 5508 8884 5458 6492 980 9577 5854 9876
25 8233 752 6299 331 4370 2010 9969 2646 4505 7408 3881 9853 114 8478 1183 727 5448 334 3018 1906 2733 7721 8201 2499 3545
24 6968 1966 3965 5434 6981 3780 1084 9977 9499 9637 2610 3042 5616 2821 6665 6151 4424 1961 9220 9646 9014 455 432 6993
21 9818 3264 2794 9765 1579 7069 4531 7751 2656 82 2698 9878 9782 3853 1115 7112 2880 7303 7496 7568 6828
26 7161 464 3619 7700 1510 3664 3120 2848 8535 2840 4268 8414 3825 5225 4319 616 136 3402 9532 5253 1019 8019 4865 6613 20 4277
23 7127 5447 4983 2262 788 9217 4596 3464 5276 3766 2014 9338 879 1380 932 4416 8716 6673 2775 9606 1085 1437 5275
23 5839 7297 8384 7310 3671 9997 3715 7950 6991 421 9467 7184 3734 8380 3422 5499 1350 3983 1683 8861 913 6250 2521
24 926 5718 6322 3923 6959 6973 6782 9120 3113 4976 948 9198 4823 7350 7991 5077 7476 4759 3520 1288 9747 383 2210 1425
23 5427 7280 1457 339 2047 7439 8399 6215 3582 8045 6169 1321 344 7449 9188 8623 7299 4514 8354 8215 6869 8778 3484
19 1021 9069 3248 8114 9772 1185 101 1127 2716 5613 2725 9058 2302 2588 6535 1280 8333 9257 6520
24 5843 9040 2069 1360 2891 3297 3552 8408 2792 6964 1927 6599 2120 6586 6797 6040 2705 3226 1754 3303 3581 2258 2824 2002
23 1865 3791 6080 6052 4451 2300 1826 2172 8606 9461 5637 5855 6664 5874 4641 679 8363 1972 2457 7424 6911 8078 8648
22 2416 9367 5736 7868 1007 5327 551 2331 2018 2778 2232 7003 1498 5261 3382 8305 291 6759 3670 4678 5111 4732
27 8919 2689 1303 8684 1279 6895 7959 6606 6108 9922 4161 4780 966 2301 2391 5048 9986 2114 2925 5932 911 8451 3914 8238 6770 8501 3517
23 8113 1261 5179 4716 9990 6750 6795 5471 4160 9770 6650 9860 3408 3069 1293 998 8337 5848 325 8594 406 795 6113
18 7087 4691 8251 8724 5431 6594 5813 6207 9336 9451 3681 3627 7577 5138 3274 1938 623 8802
29 7182 9906 9638 6919 7460 5720 3994 8375 4047 8527 6288 4987 1418 1559 6170 9776 5944 9227 7467 3279 1547 4091 1705 9673 3589 2134 9334 8178 1136
21 3933 3911 5989 9098 8483 62 9125 4146 3996 3515 7067 4609 7199 5671 3890 9519 9115 3889 7038 925 2563
23 5474 3543 3400 6881 7436 5455 8211 2289 431 9004 7138 1642 8897 1093 2516 749 1327 7985 3848 3781 8265 1958 2252
22 6212 8404 9095 6118 9383 4820 6365 4927 2623 3405 3836 8613 6093 6676 7409 3687 7166 9024 6461 2940 9196 4795
22 4292 5415 3286 4241 3812 2770 2049 5174 1139 3755 3562 9304 8480 9517 2544 2586 7641 2983 1247 5953 9172 757
23 4725 5125 5631 4432 7783 3478 6748 7115 343 8122 6271 7766 391 8870 5646 4338 2130 2441 8163 3724 7713 7375 5273
23 1722 5063 3043 6458 8862 9131 1003 1304 4553 7601 2845 8185 1009 1318 5029 1887 295 2271 675 6507 8087 4042 8865
25 314 5242 3626 5429 5252 6368 9223 6291 9555 9184 1133 1467 7946 60 111 8222 1645 6390 2886 5322 1812 3002 8893 3886 2853
25 9493 1663 4399 5922 5051 7395 4134 2145 2905 1118 8696 9390 197 7606 6573 3971 8130 5407 7869 2764 9296 5224 9690 7039 7855
21 7073 8589 6788 1619 58 5404 8174 6317 4354 5148 602 438 5198 4408 7880 2836 5439 4570 6844 8910 8503
22 4822 9342 3355 2514 6720 3764 1706 1821 7517 1975 4708 9344 1405 5759 1919 628 9204 4118 6661 5118 8885 8002
21 5641 2136 9373 5423 2624 804 4774 8762 6183 14 8663 8949 7452 4401 4412 8132 4287 522 7826 6099 1242
24 6978 9369 7215 1488 8959 9387 7818 7702 8138 1576 5647 828 7151 4649 7565 7391 2847 8541 9850 1699 7719 4554 7281 8232
19 1969 1014 371 9608 2133 9290 6035 6070 1060 2259 763 2767 5011 9484 6334 6177 2908 3041 4383
26 8350 1006 247 5665 2276 1569 1343 8582 4374 2897 9677 5108 7937 8556 4929 2818 2664 4592 1020 3880 2755 5629 3631 1646 2055 8942
26 647 4917 2158 8757 6564 5355 5945 63 2403 8318 9050 6787 1623 5468 8709 2466 6256 451 884 8966 8392 3198 888 2155 9211 3897
38 8789 3569 5672 6111 9472 8850 8022 2658 8377 7223 939 9476 3346 2508 6870 2813 7441 5586 1410 1929 1134 9326 7049 142 1558 9536 8069 5841 4124 2117 1038 1212 2208 3617 1150 5244 8217 2597
25 6210 9097 1082 59 1718 2322 2203 6350 5547 8690 1701 8453 4177 5939 3480 5821 5790 8057 8098 1359 2410 5230 6257 4133 3931
22 5571 8618 7404 4120 5723 2627 7252 3097 8874 5173 3643 557 9916 224 181 1378 976 6221 3289 7986 3458 231
22 797 56 8 3741 7524 5545 5896 3718 1052 8156 3238 5443 6088 8385 2786 5159 5413 7748 1015 4267 4286 4305
22 885 981 6428 5740 9016 1577 4131 2744 8751 919 2707 8756 1442 9528 9750 6049 7519 2795 1091 4215 5266 5588
22 9025 9146 3522 7742 234 4220 4273 4393 729 2152 8607 4049 9936 3126 329 9764 6514 7968 6384 2329 6470 6569
19 4304 4576 988 2811 9973 5038 3118 5643 1764 1744 3187 4148 9041 3852 6553 564 750 5707 4671
24 1148 4197 1287 4203 6943 1983 9123 8168 6158 5342 9446 1599 5604 6147 7228 4723 2113 302 1581 4731 2606 3652 5817 3871
18 2629 7158 4530 2823 7740 8929 5869 2878 8982 8095 1059 8866 1899 5669 2310 5814 8441 2865
21 9374 737 4799 722 4013 1226 3064 6016 263 7527 6152 5857 3929 6191 8947 7133 8941 8120 3586 7533 5682
23 9663 2257 1610 347 5633 7890 505 9531 1554 2419 5430 478 2097 3081 2553 7294 4373 5570 2752 7590 2371 632 5035
31 2903 5093 8360 2719 5728 2567 2311 125 1493 1932 9886 6776 7137 4804 385 1827 4874 801 9704 5421 6948 7292 5019 3010 9212 534 3413 6539 3237 914 1976
20 6994 1909 3255 3903 6533 8374 6917 1573 1522 8327 3134 9831 4 7235 1204 4479 7537 587 4568 8008
22 3219 6761 891 411 6954 8619 2131 3348 7963 8765 1808 9271 3179 4380 1987 8269 9197 8608 3899 5676 2902 124
22 2435 5928 1184 9873 4179 5960 4010 2798 289 9048 7074 2704 4860 3015 1334 2251 5207 6074 4542 2822 7204 2617
24 7410 9569 7356 2839 5900 2609 8980 3887 811 8654 327 4296 566 3093 6364 392 818 2286 9938 321 8519 7011 3679 758
19 7165 401 5533 762 6876 2592 9061 8488 6958 2998 1095 3304 598 5964 8879 7183 8216 6148 667
23 9689 1552 6501 7597 5515 9984 2339 9692 6477 755 3683 5095 869 1112 6343 9439 4375 4967 2830 4129 5787 7836 3322
26 8740 638 3857 2509 4803 4750 3588 465 4145 8331 5398 6127 9354 7111 4156 710 2724 9970 9915 4158 3723 8847 2691 9281 4348 3110
22 5820 192 9253 3472 5392 9728 1440 3810 3726 3096 4492 1917 7970 4581 6295 9932 6972 9174 6623 6371 4192 3771
22 2647 4680 165 8032 3678 9713 9529 7992 6259 4480 1258 4178 4488 404 9468 5126 4022 9413 1858 6766 4640 5438
28 8131 626 4662 3618 1948 2169 5543 3883 2163 6494 4891 6063 4538 4243 7173 4103 6479 6185 9430 6467 2273 8301 8957 8543 9329 8921 9573 1653
22 358 2666 1712 7908 9903 2801 9892 5997 8065 8600 158 3706 5194 7858 6611 1648 9455 1385 570 4425 6935 8443
21 3014 4157 8452 7026 8538 9 2679 5536 3080 6955 8279 2100 2253 5591 4905 7814 3046 8249 669 1473 4841
22 4955 7093 3380 4186 8054 3969 7058 8154 5501 9380 5606 5370 5859 3985 8700 4622 3259 7795 1300 3021 2225 9766
21 9585 6349 5895 1813 3644 2361 8352 1726 1802 2628 7938 2064 955 9956 1903 1419 3003 4700 8923 4041 7983
21 5223 7765 7 1103 237 651 6050 6835 620 2750 8405 6284 167 7780 4169 2092 418 4361 6010 7242 2816
24 1940 5162 7427 2879 9266 308 7083 3415 2098 5251 9746 9434 4753 8386 2491 3106 2827 9154 4908 3727 204 6933 9759 4474
22 6644 6585 7002 6087 794 7881 3284 9589 5376 2922 4909 8106 3656 4446 9560 7123 1614 1290 4332 7772 2819 9396
17 2734 2094 5141 3703 8836 1665 8707 1600 1398 6621 4610 9260 2815 7432 5828 7264 5873
21 6845 8080 9307 9552 1234 8508 5204 4257 7008 9189 1403 7374 7813 2598 1847 131 900 2103 1731 8636 5599
22 3611 1892 8308 3518 430 9241 7943 2677 6433 790 3719 7042 6840 5058 2138 6258 1602 2280 8083 7311 7289 1507
23 7899 8372 5057 4962 7001 5436 4506 685 8641 4476 2221 9940 9317 5923 1454 4883 9993 2312 3665 3335 2073 4040 5798
21 4522 5361 5446 8622 9259 2814 2411 7896 3863 2608 1341 6465 1898 7649 6481 4904 2376 2456 70 9215 2170
25 5677 9695 4961 8754 717 4386 4933 1196 9578 9856 4975 5947 7667 337 9096 6949 110 132 858 574 6837 7670 2029 9756 1083
26 5737 6685 5239 4079 2326 9168 1295 7563 7951 8717 2806 5202 2277 9797 360 3641 4149 9486 5395 3369 4540 1497 8581 8152 3417 9005
23 8570 2575 2071 8466 4110 8322 673 7919 4952 3440 3125 5200 5414 8977 6310 1032 8604 3884 1238 9501 548 9398 3087
21 6914 469 301 637 2298 8858 6717 1074 937 1680 5735 8313 4364 901 4162 7977 436 8391 188 4811 3945
25 6382 2688 2012 4187 2420 8732 7622 3332 2283 4026 7291 2381 4748 8050 8720 1124 1596 7201 654 787 6827 5401 2772 3000 5416
25 7317 7850 7559 2372 2759 2962 3175 2472 7523 8983 1044 8355 2807 7593 8702 7544 4766 4431 2005 1161 2223 4812 3084 8235 4783
23 2168 8497 9279 5229 8633 5549 7625 8859 1936 2638 7841 6354 1099 6551 8634 6624 7089 87 1156 631 5774 706 603
20 4998 3950 648 6421 822 6311 9861 3872 5617 7600 5521 2643 1991 8834 1367 3388 7803 4269 4563 7349
25 1669 2593 5846 7611 5688 7953 2594 8797 8602 7717 756 4728 9971 3533 176 6950 9596 5003 7905 5806 1837 3576 4315 1658 7509
26 6867 2779 6419 9094 6899 3800 6100 5961 5965 7526 5493 6084 3716 4627 5781 5454 8853 8781 8005 4943 7639 4956 8255 1244 1157 3456
21 1312 8482 5977 7906 8278 8429 898 8043 5661 5973 579 2492 1141 6546 1377 8397 3172 4295 7996 9277 3378
18 6022 466 1153 7308 5281 6936 9760 6957 3695 1742 8733 4465 8769 7828 4271 1540 270 7185
25 1495 746 5459 7676 2564 9540 4392 7416 7251 3978 1825 6195 4083 1868 410 5131 4303 4702 7307 5580 1158 7283 2888 9013 1173
27 4791 9771 8145 6700 5399 899 4516 9676 3250 3460 7617 944 7888 2604 3492 9340 9432 3275 4463 9568 258 9642 8321 7268 4510 2318 6702
24 6640 3243 7144 3653 324 5142 7589 7450 2929 4462 764 5752 9857 1675 3192 4402 3733 7426 2369 8777 3048 1483 9088 6278
24 1472 9717 6853 6518 6405 3858 8463 707 2032 8701 6073 1951 4057 6266 4490 8396 2773 4695 2238 3500 4897 9721 1456 6246
24 2351 8676 4289 4262 4360 1606 9111 441 6906 6131 8081 6289 8954 7327 2522 2712 2447 3374 4082 3844 195 3448 8738 1622
18 3012 9214 8137 4844 1087 447 3712 8332 3591 7017 3928 298 9614 2200 5758 4683 3229 3838
23 8041 7295 5277 4954 1400 4254 287 3318 8734 9839 2111 8461 5363 6227 71 4612 9201 3485 5078 2226 2493 4341 7820
24 3265 2219 6941 5209 8183 7136 4172 488 4390 7269 2993 8468 1952 8369 6096 5130 5845 5348 3140 8398 6496 1698 7052 5926
20 2423 3224 690 316 8647 5652 1570 6715 2502 831 6576 2157 8580 1633 662 9749 7219 6521 2421 8371
23 4735 3310 2193 5311 4901 6057 5581 6979 8948 1043 1479 1408 3327 2914 5368 4785 1809 7801 5623 8260 8089 5731 8877
20 778 4320 1562 8490 7146 2090 9918 4911 1962 962 2463 9311 9700 3690 3347 5819 6559 906 1758 3185
17 4030 2124 496 2471 5823 5893 5802 6988 2081 7031 6554 6276 6072 6691 1894 2454 1131
17 8226 86 8722 4778 5494 3688 6294 6434 4140 2185 3111 5232 5312 8726 9650 5294 635
24 668 4501 9312 4478 8181 5741 9471 6385 3908 6347 8241 1828 7272 4740 25 2555 2708 8936 2871 8286 2334 6637 4817 6124
25 8668 9518 5905 4960 4155 4765 2980 6860 9591 335 2971 6532 7923 9565 9961 7333 577 8776 4579 1621 2894 5463 6545 2030 6667
18 5132 1265 9621 5336 5980 6324 7591 1119 6511 3599 4039 2282 2378 7706 7932 6990 471 9865
24 4611 317 7163 6045 8082 1452 9210 5596 7863 108 13 5362 9775 2730 4918 2697 4752 2211 3529 107 8888 9129 4242 1120
19 7413 7964 6323 5460 927 491 3180 7618 3349 251 8090 702 3792 5147 9609 6019 2196 4189 480
24 5833 5811 6007 9427 3128 16 4418 4054 791 6534 3298 8487 4324 5044 4337 3797 8683 4813 5269 8572 3441 9010 3637 4077
21 9703 2877 265 4180 7044 810 6285 1356 2013 5749 792 8867 6209 7669 1636 4995 8507 390 7530 8891 1594
20 6635 4779 5047 7834 8070 4339 8735 2337 6944 1191 18 6441 535 5055 9669 5825 8091 7831 845 2224
25 2503 7279 555 8456 1379 228 6468 3964 9465 9719 9145 9854 4534 1354 5337 2726 7054 3280 4726 8999 7300 479 7338 9891 526
21 7921 2728 1423 8016 3788 735 7012 4191 3481 4684 6337 5590 1990 6709 8753 2965 8927 5257 8528 6314 8280
23 2870 3932 6417 3162 8479 6796 6731 5673 4288 7213 8467 4668 8626 834 6046 140 1893 8913 79 4504 1849 7878 1881
22 5891 1931 2964 9937 5046 5265 7731 9736 7758 8001 8044 7824 7131 9558 6603 805 6789 4790 9753 6819 8319 8499
23 472 1055 3514 3749 1210 1207 6060 1001 9176 3850 994 1805 1923 8517 2862 2618 1254 170 5280 3975 5390 8718 6721
22 3060 1763 6791 2239 4334 3158 2085 4835 8905 7168 4252 5196 6162 8469 9807 2088 9786 5203 1925 7973 3820 3337
25 7359 7539 1366 5657 5469 4551 4391 644 5644 7705 7859 1739 2746 4928 8579 4509 5410 4760 4174 8515 9294 4545 182 5037 8685
24 7852 5530 1890 2091 1673 2895 8679 4771 3401 4222 5993 3639 2655 521 687 9235 3927 4650 9119 5270 8972 4900 8704 1375
21 5876 4185 1677 4018 1137 6242 2864 1841 8424 437 1652 1939 8430 9811 3860 8939 4311 5931 4069 2926 1230
23 1704 2387 2803 6230 1089 5546 1397 9161 8340 5574 6144 8365 1616 7023 336 1732 7336 6632 5826 3804 7851 3132 3711
24 7254 6568 1916 8388 9587 6651 1249 3649 2487 2860 8117 7128 6841 6388 2889 2380 8592 5648 2699 2872 7771 1615 5119 9034
23 9453 9285 2674 179 1401 2918 7545 7443 7835 3164 558 5542 5199 4827 7747 4719 1036 6328 4182 5022 1730 5110 6626
28 3737 6260 9796 3032 8710 6342 7825 2530 7472 6439 4846 3528 5538 6453 8147 5020 3313 5504 6997 2659 8171 5697 3386 7036 8210 9117 3204 144
22 2066 6427 7332 2481 4991 9726 4999 2001 5612 6232 765 7033 6214 4737 1274 6524 7514 9066 4216 5918 784 8744
16 5795 1413 2620 8394 4385 5772 5115 903 3217 8839 2101 7030 3809 4448 3497 207
19 8706 2249 5461 3803 2743 5145 6723 229 6653 1478 4707 3268 5338 4763 1484 8818 1694 4600 573
25 1823 9827 5666 5293 8123 8770 4281 7733 2243 7714 4350 398 5449 2227 1088 590 1439 5408 3892 5318 3984 8898 759 9545 5592
24 345 1445 4864 5927 7059 4574 7159 5354 9343 2692 5151 6826 5924 6508 7487 9502 6890 4298 8625 9999 6592 8837 8124 1542
21 8341 6482 4808 1617 5867 5316 7079 8657 2046 3702 4896 6358 9301 4363 1213 9787 9567 1662 9067 4484 6934
22 6986 9773 9668 2703 8411 5894 8790 4968 2550 6015 5949 7202 6598 5248 8666 6631 6445 5435 3287 4861 2307 7603
23 6370 1432 5346 520 8172 7247 6303 9509 878 3383 2222 8531 3587 8944 7258 9883 5898 6037 3730 5832 3059 6229 2868
24 7478 351 4294 8639 6892 960 3240 1070 1404 413 4367 9777 5784 9599 2488 8276 1362 7431 1607 8723 36 143 6487 8012
20 426 1270 1162 9535 3301 7596 4081 2201 1107 3109 6878 1347 1661 8356 3272 3019 653 2050 7623 1713
24 262 1533 1618 9801 1187 814 1769 9899 4870 5383 2911 3136 3960 6758 8844 7976 8006 8887 6490 9597 5175 748 4631 7969
23 7694 1517 8240 2574 4275 486 9885 3423 8899 2194 4670 9008 8056 5897 6889 3876 971 7170 3100 2637 8053 7390 1691
22 6872 1231 9309 3922 7744 8223 4994 3698 1149 8825 427 6107 7696 4633 145 705 6616 5972 1086 1427 7485 2529
22 9500 9310 9662 4306 2953 4116 4436 2475 5488 3831 1574 6852 5755 5403 4427 8561 6095 2427 7105 7029 5190 8558
22 1915 4447 1172 8752 9525 1878 9905 6194 6792 1426 2562 9443 5800 747 7491 4108 7827 7181 8880 3020 9794 2363
19 2242 7960 6802 815 3360 9021 3076 9725 9866 2582 2545 5522 1011 3935 9389 3387 3503 8971 973
21 3600 1039 8256 8714 6028 5028 2182 323 4599 362 5079 5797 1877 593 1793 2987 4721 4757 3350 3063 4005
21 500 5639 4234 1672 8829 7107 9665 8077 3736 7377 6947 6620 4036 3920 4801 6027 2739 9295 2269 8048 2876
21 7550 1243 6531 5084 569 3725 3151 6557 2668 829 7378 2858 1657 6351 5103 5114 605 7233 1950 6687 868
23 1064 1195 1147 5753 7673 9714 2833 5937 9781 9793 1514 8925 5659 9454 4445 5978 3742 9169 3571 1180 3035 8838 1301
18 7369 8195 4231 4052 7343 2946 7412 4230 2474 9280 5685 844 5024 5812 6032 8275 7214 1935
21 3535 7459 8674 4606 2449 7335 3559 8119 7789 6241 2540 8808 3620 5865 6595 8612 5988 796 5714 424 3107
22 5822 2349 5272 3143 5773 5246 7660 429 5283 1225 597 6335 9339 3814 5683 8908 7261 8036 8423 73 7348 9921
25 9017 2619 3452 5483 723 27 3361 8828 2336 5490 7400 6054 5181 4572 7616 7500 7447 745 850 7175 5456 5607 7725 8013 2873
16 288 6790 6734 3330 1444 5479 9275 3682 7313 4694 3395 8473 3331 3650 539 5478
22 2256 5851 9870 6697 3912 450 50 3873 34 3446 1885 9153 676 7328 855 3389 9674 6543 2433 8569 1035 9661
23 9007 8046 7484 7664 1128 2490 9622 299 9147 2460 9200 307 4556 8100 4508 9887 7423 3633 1801 5544 3745 3488 6448
22 1469 9416 5589 4165 2451 4097 9957 5793 7720 6431 2254 1163 2685 1351 974 1535 8060 8336 4745 6509 2197 2148
23 9582 3089 6549 2579 6233 571 7607 7027 6254 8287 5206 5594 3822 6646 5053 3668 5378 2255 2342 2022 7979 3023 4239
24 9995 7775 8358 8315 1703 8474 1895 5703 9672 2306 5946 3034 721 3183 7022 9032 4527 4598 8537 3998 9415 416 1333 3153
23 6781 6929 1241 1520 7421 9715 532 5842 3504 9308 6732 1526 7225 7157 3427 6369 8678 6166 5884 8677 5912 7358 3954
20 4655 9093 1957 827 4889 1765 3431 5152 917 9108 5680 4015 3634 8846 5 5518 2616 3246 2820 8196
25 4238 8914 160 3823 6315 9047 5706 1687 2476 7695 9855 1816 2459 5585 5761 162 3144 7887 7925 5215 7997 6154 5149 6400 7302
24 8347 6175 1611 6561 6471 1707 6219 941 8427 7388 7584 6528 1167 420 7897 6224 1388 2587 5950 525 7095 3214 2389 1446
22 7324 3056 5450 9051 7902 8577 9840 38 8894 3882 1390 9590 7989 4284 3037 1028 8655 652 5834 7257 4922 3189
21 2007 5653 8311 3987 1544 5485 2321 443 807 4741 9494 5150 5388 770 9507 9711 7057 2961 9909 12 5760
21 1409 5827 8889 703 4395 8357 4102 1650 2678 4674 5645 2214 2350 8498 7160 6225 2405 5789 4210 5850 9448
17 9598 8886 8875 4051 7238 4439 7815 1632 5288 609 4946 7961 2832 6464 7844 3523 5840
23 1151 9959 2183 7893 1056 9522 1578 1361 7240 8231 4524 6309 7838 7578 2676 4362 205 3385 4945 3943 3662 2267 3526
22 9982 4240 2510 9076 1807 2483 3815 2800 3768 4342 2890 9791 8660 8202 3642 1971 6918 75 4923 5412 4023 2038
20 1737 8912 7895 588 7304 8084 5916 4603 7910 9261 9907 2202 5638 931 4755 5618 5331 6577 5505 5010
18 7892 1205 9356 9173 2533 393 7671 2650 5765 4548 6499 3306 7367 5509 6690 7244 9399 1174
22 4847 3006 9258 6091 4166 5863 8632 3001 3519 7945 9788 7854 8496 1851 7942 6666 7571 3684 5339 6079 3412 9488
15 3705 1582 5121 1490 1788 6341 8295 8144 5146 6097 1481 3837 7055 4580 1545
26 4283 7481 9426 6275 5264 5432 246 5290 5791 4859 1954 1285 3040 9898 4589 2625 6394 68 5129 2266 6065 4444 4676 6817 7954 2070
19 5831 8364 6401 6217 1848 2067 6701 2747 9601 7739 3486 7290 6411 6011 1219 6440 8139 7833 6300
23 6688 1556 9332 2723 3094 312 9551 9404 8393 5940 7518 848 54 1608 5325 468 1080 7126 3479 3558 3658 8230 3324
19 5729 7076 2700 8247 8842 7962 9348 8197 8822 6977 2413 3813 1567 5080 8969 6204 8476 1743 2445
25 2552 9755 2354 8252 1750 5655 5687 6286 7974 4517 9594 4619 9732 7839 3195 4529 7753 3283 2785 1740 1824 5068 4578 5274 8669
15 1920 9194 2793 545 7331 6945 812 9335 3756 2721 1072 6025 964 3438 5071
22 1165 1789 9055 2682 9181 470 6755 4681 6174 9086 5525 5747 7786 1171 2004 7419 8015 2936 1974 7723 4925 7405
23 6180 8436 5614 813 3004 2102 6267 6525 9730 5611 4053 43 1033 7486 96 309 1477 4438 9653 8221 3244 3336 4122
18 3171 8900 904 681 6894 6497 7306 1811 3312 8465 9315 2428 2484 4381 264 3563 5987 7767
21 8584 6754 7848 9423 9431 6560 1053 487 3707 7543 6801 1671 154 8362 6811 9616 9372 2485 6249 1654 7917
23 1298 2150 6628 220 1358 4932 3704 7674 8439 9966 851 7322 6372 5696 8697 1839 7995 8651 3878 968 1696 8234 4936
21 5796 8526 4762 3353 9572 8003 2215 8161 7661 3061 6030 305 4754 253 363 7124 9688 5506 556 2494 9350
23 1057 8438 9506 7800 370 4100 5349 5360 5419 3553 7528 7153 7619 4739 6928 6813 2995 7385 5326 6014 8076 5098 5778
13 9122 8805 4573 4513 4727 2367 1214 7703 8162 5496 1548 9989 978
21 1026 8387 1289 8471 8283 1901 6803 8281 184 5000 5763 5722 3391 3738 7871 42 5157 5575 1786 9239 4218
20 1451 6736 3659 6510 7728 1370 1780 4526 7155 3774 3091 1711 8930 1237 5164 7930 9605 7752 2027 2615
20 877 5320 7461 8061 3567 6142 4614 449 9244 1371 8873 2348 5558 7646 8779 2398 6608 6854 3142 2430
23 1502 6478 7330 8810 213 8920 7832 2294 5805 7797 4461 4850 5984 7741 9683 2560 1782 3628 9218 1486 5217 1262 9489
21 7417 9363 4512 8258 634 155 4963 7179 1933 9175 3980 7397 8381 7653 4902 5877 8165 8729 4982 8863 322
12 2236 6572 905 5136 1025 1224 6055 3805 9060 1836 2757 7433
24 7285 1322 6006 5943 1340 8107 6008 8855 4663 7177 7582 1604 1999 8628 4454 2950 5577 5552 1450 771 7520 6995 9967 8199
18 2812 5974 5467 5776 4814 8208 6236 3302 236 2188 1795 3835 630 8180 9417 9580 1575 766
23 9682 8115 1125 7265 3939 8813 3455 414 2190 3674 9162 2084 2632 186 5396 4535 4715 1926 1566 547 8141 731 2358
21 3130 6823 7978 6061 3551 3747 2611 4359 1229 6556 8513 7531 9091 2237 4369 1670 9863 5956 8931 9193 4000
15 3095 296 9960 2669 3942 1728 8943 4226 3898 221 2161 1129 341 3343 3638
18 8514 4972 191 6355 5013 642 1076 4193 7495 5178 460 3309 7756 6472 1122 5030 6017 4483
19 4560 1853 8583 6376 972 9293 5921 8121 9425 227 7063 1965 9708 3777 1068 528 139 8317 7362
18 9107 44 1760 5528 1462 5418 3937 5085 785 781 1108 6887 7050 2347 9365 5297 5066 9693
19 1989 217 8200 7699 5271 8567 6590 3013 3521 3379 4152 9946 7047 8294 6033 4419 7354 985 5705
20 1155 3801 6555 1775 9053 3365 2199 5333 2542 503 8852 45 3344 7738 2303 2763 1329 5165 5930 773
14 4616 9660 2970 4181 3604 9521 99 3254 5075 7947 9391 9814 4458 3207
15 8845 6077 6636 9039 8248 8297 3296 5007 7371 9664 7032 8170 3916 5195 6090
14 8812 9327 198 9170 7608 5754 8946 8525 4571 5568 5966 2524 3917 8596
15 9447 996 3511 8512 1316 9929 53 600 786 2892 9629 8763 4621 2279 7206
21 9902 9718 260 6996 2087 456 72 6565 6130 1116 2644 7635 6308 4730 6798 5357 9470 361 4626 6612 4188
17 8457 7736 2826 8349 5397 838 4837 3953 7200 7470 3467 2932 3769 6671 3209 346 7482
14 5185 5609 6383 4095 3166 389 4931 446 2392 860 4037 1708 5328 835
17 6005 2976 650 7437 8454 2353 6153 1336 6136 6302 2450 7681 4261 49 2080 2165 9359
15 6001 7656 9102 2162 9009 9699 8896 5255 7675 6126 7121 9762 6812 2590 5059
16 4144 6264 6923 875 8390 7802 4565 6332 9395 2834 1094 3397 3352 9748 4423 7025
15 5624 725 8066 8389 4183 1798 8964 5788 8418 3720 33 3273 269 1506 8000
15 8246 1727 7853 8992 2284 3660 6707 5220 8432 9930 9079 8565 201 9862 3088
14 9991 1049 226 7212 8771 5109 8417 2496 9895 6075 4738 4816 1434 7678
16 2068 1538 9548 9828 6318 5258 8068 3630 1382 1770 6855 2996 7583 6600 333 5625
17 5015 6330 7473 915 5745 3728 4253 995 4751 8712 4577 7241 8794 4797 9414 3934 4321
15 6847 7982 7598 3074 7536 4004 2263 6429 4831 1666 6282 185 9945 7504 7760
14 7605 6469 6117 4258 1749 1719 1463 223 619 1945 4025 8442 4876 7061
12 6287 1374 4413 5096 9600 9808 3252 148 5836 7469 5489 8994
15 6020 6387 2016 214 149 7782 4382 6205 7521 4810 8359 8250 9092 7497 2749
15 5177 5081 2083 5144 367 9126 9063 9745 8206 6092 6976 3357 7845 8409 9803
15 2662 7345 2687 359 6675 3926 2003 5186 6320 94 8922 1373 983 9386 4736
13 2583 2843 4886 6693 2683 4697 4310 7784 3762 1536 3028 5551 240
18 5871 9931 4199 4132 4934 8934 1144 3744 5560 9875 2446 8267 8924 4466 6449 9942 5555 4604
12 504 7980 6071 9615 8568 8455 7084 2849 6992 4926 1659 4793
14 5739 682 701 3437 7250 9233 1806 841 5681 4452 6777 9400 8821 6686
19 3262 7798 5925 7914 2204 5520 183 9331 5052 6975 7708 9112 3233 2634 5168 3399 2396 1253 7939
14 3787 3819 5065 5942 2671 1585 4977 7722 7489 3612 1751 9656 349 89
12 440 6435 9203 452 4061 9057 6193 7540 6725 712 5935 1022
10 5667 259 8849 3957 2458 1077 8096 31 4769 7376
9 6362 7396 1505 3320 4849 2974 8135 7056 7632
13 9422 1485 5524 2365 3577 8039 3376 3525 80 6738 9958 2500 7015
13 8092 5750 7821 5127 1549 2096 7955 4434 4743 3868 9953 9243 9520
10 4345 7549 2789 1889 9835 3982 6530 6483 8495 8824
10 9651 8143 3841 3234 4280 940 9877 1291 997 9868
11 8658 1928 2968 5197 664 4229 7981 861 9206 9841 1546
13 1766 9904 6668 6395 2469 1829 2761 6500 5492 5938 1268 2328 4949
10 3944 4151 5056 1216 4672 7053 407 9178 8611 7522
11 3961 5367 7071 2991 8335 9435 116 5870 8672 6149 5975
9 5153 5231 8472 9352 2058 5365 7658 2195 4818
11 7360 2988 8907 7420 3888 9245 8522 8975 2517 2672 4868
10 3864 3407 8759 3941 6760 2855 5775 7688 5236 3367
6 3161 8361 9080 6129 2414 2486
8 3506 340 3223 9437 6660 9802 2549 8727
10 5807 5330 7652 4201 6432 1092 4175 5595 1678 9360
7 3590 3342 4001 5906 4389 798 6960
9 7634 2146 373 3131 9491 8985 1126 9603 1284
5 9686 28 7098 4276 3560
9 6763 7551 4915 5675 4521 3178 7886 6859 7773
9 3538 3598 3419 5128 6938 4333 5605 1017 641
8 6937 6980 3516 5286 9059 7480 2127 5573
9 104 803 7418 9318 7875 9933 3700 4076 5979
9 2285 5106 4974 5963 870 738 7958 7966 9740
8 7072 2274 3483 250 2093 5738 8680 180
9 2913 963 5882 4322 2462 1164 9510 1941 9914
5 5762 2727 3177 6109 820
6 7556 8689 7099 7365 3242 7581
11 5183 4468 2186 2943 7273 5852 4597 6504 8314 1572 9049
5 1641 5296 5883 3184 3870
4 4500 2572 6145 3491
5 5498 4336 4176 7541 6753
9 2489 9588 954 621 7060 604 743 9323 8422
6 2317 3900 9236 9618 2569 2951
7 7885 1482 9648 3260 8142 562 1114
7 7051 8205 2985 1202 6614 783 1190
3 9081 5742 8047
9 8643 9924 2028 3956 5936 3806 2701 6506 923
11 1796 7505 3613 8010 8841 6714 9456 5548 6679 7321 999
5 3390 9371 8433 6051 3288
7 3919 9269 4712 9442 3568 1857 5969
9 3548 5726 9149 5321 3206 8011 6408 1571 6143
6 9445 7139 9893 5315 5319 4325
8 8635 7776 6489 123 9036 5531 3033 6018
4 7511 3363 625 9530
4 882 1759 51 1344
7 9099 6768 6516 1063 9124 7644 1998
3 5849 3152 2528
3 5691 7218 7621
7 6704 2295 591 9825 1996 1856 8330
4 760 3955 6588 2177
4 3071 4422 5634 3861
3 8052 2149 8730
5 1449 824 6086 2584 9515
3 7774 4142 5886
3 3794 3834 5067
3 3676 6373 2448
1 4557
3 5345 4519 218
3 3495 6829 2099
1 9723
1 5513
2 3995 7458
1 5968
2 2379 2709
2 1717 5985
2 4313 1018
1 3827
1 9910
1 5578
1 4417
1 8402
1 2265
1 7655
1 5254
1 6834
0
0
0
0
0
0
0
0
0
0
0
0
0
0
0
0
0
0
0
0
0
0
0
0
0
0
0
0
0
0
0
0
0
0
0
0
0
0
0
0
0
0
0
0
0
0
0
0
0
0
0
0
0
0
0
0
0
0
0
0
0
0
0
0
0
0
0
0
0
0
0
0
0
0
0
0
0
0
0
0
0
0
0
0
0
0
0
0
0
0
0
0
0
0
0
0
0
0
0
0
0
0
0
0
0
0
0
0
0

