87 7649 5255 960 63 7010 3767 4131 2103 4644 3708 9784 6787 8636 2288 4275 7917 7688 5987 9154 4915 5638 1651 8465 2504 4789 7907 9558 8114 3375 2623 2719 6806 3188 5227 5204 5470 2267 5991 9873 2804 3285 8180 655 5284 1738 2016 265 4767 1665 5915 6564 4866 561 1559 696 4791 9188 282 7123 7934 7004 1027 6404 2371 1540 9452 3668 9422 9423 5734 7478 3760 453 6052 6041 8376 2571 6783 6932 7100 5110 2505 8100 6916 181 7517 2796
95 2107 7264 7414 6091 3227 4087 7527 592 5885 1445 2423 647 1199 4361 9600 3399 6207 8311 5107 6148 4329 4901 3595 519 7690 9138 5517 1648 5065 7021 8392 6301 8629 447 8753 9192 8898 8887 3870 1315 4635 7533 7270 3857 7178 5930 869 7654 4923 3580 7066 1106 8387 6542 8539 4897 4516 6626 1150 9573 4257 9383 5317 9438 637 9767 3101 1801 6755 4699 6266 7789 3962 6397 3328 5729 3168 9474 4913 1385 6673 6360 9863 731 9710 6013 9148 6660 2093 7413 2537 3354 4381 4196 4961
96 5453 5921 5723 7417 3952 7368 2149 7162 5211 6405 419 2994 6441 5208 7722 3634 6835 7820 900 7936 7911 6413 5269 8395 1627 9527 5690 8314 2630 7886 3021 4875 1099 2587 277 9768 3555 8631 2952 6587 503 3059 9403 7841 1851 4345 9349 6498 7322 7850 7593 9100 3826 9650 8151 6189 7921 2829 6947 2814 8771 9388 1323 5621 3645 3719 4461 4890 9615 3840 3522 7002 9916 556 7726 4954 5548 4580 4437 1629 127 4811 4517 6153 9698 2170 6929 5633 9679 6169 2709 7518 2731 9962 8522 1209
99 2436 2894 6614 6588 3116 6051 6014 9478 8385 4916 3818 6065 85 3143 9932 6576 6804 9770 3517 8909 1637 8194 1596 2494 3504 2406 1185 5561 6135 4014 7471 8096 6865 1690 3444 7165 6732 7655 9838 4965 9544 3038 6639 3769 3872 2620 7885 824 3305 7470 6633 6722 2807 1607 2400 6821 7852 8070 8928 3161 7837 6161 769 4237 9293 2189 6028 624 8596 3653 8416 3207 6008 7223 9347 5685 6181 6532 8068 8409 581 8695 79 4666 1305 4984 7121 7616 8197 8343 9759 8810 8554 2095 2626 235 4407 9170 889
88 7364 582 5738 4300 4188 5823 697 6511 4539 7534 9982 7559 1993 2791 98 7063 9343 711 6730 1990 4747 2155 8805 202 6121 7775 6537 4690 4594 9404 6647 7996 6179 5410 2134 5562 8932 6898 1954 8307 9109 6038 1503 4708 2249 2213 5361 1522 1484 2781 6235 4502 6960 4354 9786 8589 1991 3008 7764 7371 5374 1727 4674 6883 8105 1295 8024 3345 6311 5256 677 4762 8987 497 7166 860 6203 41 6447 1975 6921 749 8708 7281 8736 4297 6011 4490
83 8694 2254 2084 4171 1154 7502 6202 7492 819 6246 9914 1793 3048 9481 1778 496 5392 7947 2783 1397 6017 9354 5681 2528 4605 1367 7315 2296 8167 9410 845 9841 5551 3403 4956 8092 2556 9866 1211 5789 371 8270 2291 5375 8743 5372 3030 5507 3083 2119 4698 2357 8484 9828 6377 3663 4026 6654 843 1937 8979 1509 9900 8081 2819 6415 4271 652 8803 5864 6222 3930 2214 6832 2721 6251 2618 7647 4905 5812 5402 4008 4222
86 7796 6090 4964 969 9212 6632 1363 2681 411 7215 7756 6164 1177 3107 7540 5240 6546 8479 7718 4771 2936 362 341 126 2879 9782 9995 4685 2386 9296 7978 3530 6650 5042 1350 4256 966 4540 3633 4962 1928 2099 8353 9971 3970 4643 1916 6442 7861 5928 7801 3349 951 7319 7435 9904 9987 2067 5678 9080 9586 8582 7214 9774 1015 5491 8195 3041 2776 427 8164 9947 6503 509 5725 6784 3943 2559 2927 1237 3842 4287 8747 7717 7972 2883
94 722 694 7234 6906 2338 4331 4576 9418 1635 4659 7577 531 8799 8009 2480 8696 7641 2611 7348 233 5033 2678 9799 4821 1864 9510 1868 3006 9802 4871 1773 9163 6279 7555 9724 6969 2215 4707 8514 3106 6240 6842 836 8945 119 2532 6157 936 9018 2075 6332 1638 4512 2467 788 5736 6776 4058 3697 451 5844 1486 3197 3583 8880 4346 9613 31 6573 6495 9041 5870 4995 9912 6867 9705 6136 6059 9285 3196 5459 9805 4688 2203 2261 4531 1957 3208 7644 5946 4369 1714 8955 4270
85 8670 7652 2367 75 7260 1298 9204 4977 3642 5320 7460 5644 7049 4978 3876 6596 537 2217 6625 6088 3554 4364 5988 6133 2956 6061 4037 2810 2561 5851 6390 764 7422 7608 8360 2957 2456 1399 8240 2786 5717 3062 2481 7965 8298 8187 7997 9444 2380 2895 6496 8225 7804 3057 891 2308 8981 6308 3710 426 7810 8559 6704 7705 6828 6577 1449 4367 6761 2398 2104 6324 8520 9020 3729 692 5819 4366 1337 2896 9881 4908 1583 7048 6909
81 9307 9741 8618 1921 5666 9700 9958 2497 4184 7272 124 5486 9837 4625 2565 2901 7854 6810 1001 5779 7362 2594 6737 2431 7903 2349 2850 2670 8290 3024 3931 145 3138 7817 4683 2306 3308 5161 4518 3652 3092 6798 7731 2737 5787 5526 8750 4841 7741 7156 172 6358 4532 7930 2712 4412 2514 4291 5466 1316 1393 253 6506 7396 7463 1474 6709 8110 5386 9576 1181 1728 7457 4664 9924 6838 9032 3998 6248 1375 2778
85 9346 1766 3232 6479 2507 6172 2980 973 2388 2518 4347 470 7887 4678 3748 3386 7341 5707 3436 849 3531 7134 511 5473 4418 8816 5002 7424 5216 8784 8374 8236 1891 8986 7008 5859 1550 9505 3758 1369 6029 6881 2041 9687 587 1288 8060 5849 2959 2904 1601 8731 4947 9064 4695 5586 8830 2501 3601 47 3734 9778 6901 5231 1361 5809 9517 6356 3909 7154 2393 2257 1281 2667 8779 894 3510 1716 4721 6769 4108 1479 8433 9903 9374
83 2634 1268 9847 8216 7194 6217 8132 1345 8583 6269 870 3868 6524 1184 7174 578 8941 5960 1079 5948 1105 5092 9991 3979 4561 2848 8776 7968 2385 4981 3607 2706 5950 4840 1115 8660 5536 5882 8018 547 7788 717 2248 3661 4646 4061 4416 3450 7551 455 2926 640 6907 8174 5702 6797 2638 6076 7505 1995 6499 5408 6053 1878 2454 5571 3163 4038 1061 1974 1900 5300 607 5341 2392 4012 8716 783 7987 1447 4036 1628 6636
84 9604 6422 6627 9895 6575 2451 1289 6491 3082 7326 9577 7207 7456 5193 6216 3810 1911 2659 1508 9969 9941 5674 9255 2661 5273 5044 8351 7568 9015 6974 4963 5365 7294 2493 3381 1533 2969 3366 1327 6371 8640 5698 5432 3589 6271 3958 4592 3816 9463 4590 8501 1071 9927 4197 2942 5711 1227 6533 2094 2866 3547 7544 20 2478 9112 6745 6717 262 7119 9253 787 399 5582 4042 9524 3098 4884 2046 9074 8606 714 3841 809 1859
91 4712 9556 7187 3071 2582 7747 4063 3080 9607 4111 4097 8715 3913 3829 946 7399 3918 5897 4135 6955 3901 5481 8548 1313 7772 3279 8978 9094 3474 5712 9358 2143 5774 2544 8792 1010 166 6988 3451 1967 8682 796 9244 1820 5559 1705 806 4682 7106 7807 486 8002 5795 5764 5996 5560 5660 8770 5665 88 4681 1374 9221 6887 5232 7754 8742 8985 5575 5624 10 7480 9450 3483 316 1031 1297 3154 880 6579 5873 8772 8633 6501 3577 2284 5217 3627 4029 9265 8729
78 283 9860 7153 1551 6952 2530 4339 9330 6264 4526 2585 9697 8412 7537 3957 5635 4775 8402 5591 9152 2444 4548 1255 2123 4793 7938 3226 8228 2616 1464 390 9765 6159 3406 2703 7050 9579 8516 621 9134 3936 1266 7542 5391 517 818 8203 2063 9953 3848 5342 2197 7583 7306 6782 5380 695 5657 2612 5305 3257 5776 3994 2784 5085 4176 9569 9602 8922 963 7600 296 5319 8427 2199 6848 8010 7303
80 6055 9827 977 3808 6173 5836 2157 6942 6663 8879 3159 4235 2809 3472 9555 8768 4881 4832 8619 3956 9968 1136 9645 5257 1473 7926 4268 4353 5489 5845 8037 6823 5667 5543 5054 8918 467 8011 6762 1655 2716 7261 5215 3355 5593 8165 2105 516 5569 641 5549 6327 7991 7192 1396 1981 7411 7770 2211 2862 8247 1626 2422 9633 8219 2269 3214 6943 1815 3111 7683 6022 8302 9503 9608 8451 5011 5190 114 9715
81 7774 7899 3570 212 1235 4419 9643 9431 8683 8819 1653 5418 825 8443 5953 7697 6149 5178 5029 4714 7474 3202 5021 8774 3218 9829 4422 5970 8574 4552 7843 448 7900 7089 2911 5471 9045 8658 3274 6667 9642 5805 7152 7280 9788 8117 2627 4228 9934 8935 7970 1947 4411 7604 9353 5173 8567 3237 2962 4584 4631 4746 8555 9291 149 1686 5016 464 3910 2978 6139 7897 3374 9036 7658 8853 8485 298 3613 2875 5452
78 7908 6656 8964 6843 6480 9882 2007 1791 3529 5007 8265 1212 6142 9918 8268 7806 3540 7805 1739 950 4586 4556 5513 9161 2925 8744 9731 953 6513 3074 368 937 5618 3664 340 3985 5780 5609 2487 2881 3421 2345 1022 5918 3148 6074 4380 103 9030 5430 7090 3796 6972 2779 1943 8218 4820 9563 730 5196 7508 9208 77 7521 2691 4877 8672 2812 4608 3141 197 6077 2115 6619 6659 9004 4283 8136
79 5280 2902 8891 7029 24 321 2268 8959 491 501 4352 8916 8953 65 3311 6637 205 940 9894 12 240 6305 5937 7107 7858 7617 1762 1119 1404 3988 6920 5275 2844 8146 566 3015 3239 344 7332 2885 3614 7713 1576 8515 1834 9277 1470 6534 6293 7602 113 8576 2694 4999 8045 632 1811 8690 1633 828 8929 823 7101 1443 5225 4569 1529 7665 4729 2476 4620 9305 9313 4445 3032 3413 6880 9493 6019
79 224 1946 3422 2668 6830 6680 4254 2968 4585 5050 7839 8062 1697 9071 4827 4600 4895 396 4619 2088 8895 1939 638 1765 7791 5527 7923 1287 3588 7125 1378 4360 7289 856 1347 6431 6086 3045 2065 2427 754 7601 1978 2751 857 4039 6103 2285 2072 25 2434 2884 8179 8188 186 3498 2553 459 8852 6241 6583 4409 7501 5316 4485 2856 9945 9539 4624 6986 6917 6465 4449 5649 7055 1331 4912 7301 5221
86 7966 7729 2789 4998 287 7553 1615 2999 9398 1446 5926 7951 4872 6068 9023 3779 2572 9535 5398 1634 2329 882 9542 3717 415 8637 7730 8749 892 4020 8043 3727 5615 9065 1790 3112 5337 9978 8685 9022 4993 7523 2991 3438 3426 1277 3478 4790 8088 1112 4505 5120 5234 4336 4155 312 7512 8838 8763 7252 2987 6926 1506 3023 9652 543 7902 2588 9972 2074 6840 3823 1232 7562 9146 2579 9603 7818 284 3591 1982 1155 8508 7092 3307 6886
75 6598 8470 3334 518 5877 6561 1875 2985 1678 6094 9580 2273 9869 9748 8487 9164 2907 4384 3906 7677 6012 8061 9320 2448 1428 2523 3993 4479 5907 8846 2718 5936 5985 8994 2264 1279 4571 6366 6688 5294 978 3369 4927 3493 4320 2405 4705 5017 5686 6478 1546 7376 808 6593 7977 4319 9301 5184 2824 3947 2503 217 1646 2089 5710 2575 8474 9086 7862 1514 2764 5364 8467 9062 3140
77 120 6435 2031 8585 7631 3404 2915 3072 9003 2441 9723 9113 8305 617 5285 3173 1263 8077 2834 5747 3959 7738 7164 251 2498 6833 4337 6201 1518 8533 2976 44 9713 8058 737 1580 8823 5515 8112 1877 7128 9201 8902 9977 9348 6541 3224 5981 1497 4848 8789 3521 3165 7339 2190 5814 3526 1208 757 8102 6109 4849 6855 4563 1072 7274 139 4558 2240 6219 6383 6549 8767 5087 657 3788 2174
76 4940 6320 3468 1672 2059 3467 1270 8317 6184 574 4680 3120 439 1881 4702 2567 2054 2938 6818 5261 3649 3859 4138 8241 4936 7711 6408 3157 7094 1594 7453 9034 8527 8535 2964 8788 7595 5009 8363 3948 7074 948 6040 7440 7287 1997 9181 4326 7019 9661 661 2437 6661 3447 2079 2025 2729 3673 423 6047 7254 1234 2816 1343 8570 7971 3935 1065 7547 748 2172 1561 4876 165 5754 8312
74 9025 859 6339 1951 9124 9886 3219 7524 7052 5521 3752 6317 2294 1874 5599 6273 2529 2655 1966 5088 5243 1989 9306 1782 9176 4324 8014 5437 1202 5992 8428 9722 146 4810 6080 9331 8998 3726 6536 8676 8354 9114 728 6243 5656 1388 9775 6126 9275 3115 1251 4073 6662 6031 122 2023 2458 7067 6381 3485 246 9432 342 807 4886 6394 8303 8379 9749 2022 608 1216 6526 7425
73 2516 7246 3289 2008 8272 575 8893 4735 4274 5650 378 7856 990 3457 5276 9001 5344 9476 192 4973 9143 1543 616 7746 1958 3940 5813 2311 8845 634 4798 7477 9582 6713 3800 3687 5359 8542 6260 37 5158 6 3542 2865 9657 9063 2374 4296 9167 6774 2363 6101 6455 6801 8287 6679 1019 2934 8719 1381 988 8806 9142 3792 4863 1510 7507 3915 272 3428 8098 1733 5616
75 9766 9069 485 5538 7618 1538 6141 3706 6631 9572 7220 2282 8836 826 4468 4979 6209 1527 6981 1841 7967 9193 699 3699 9623 5019 3712 3655 7204 8951 506 7452 8635 3309 8079 4242 6467 3739 9210 3087 206 622 1162 1107 5449 7827 3725 317 7250 3691 1041 3862 1617 6825 6070 8069 1438 4709 707 6645 1384 151 1722 1775 3843 3093 2932 5165 8600 4285 9026 4269 7160 3395 6604
71 8510 441 195 9198 7619 9950 1311 5765 2160 351 9318 8075 8126 7567 3133 520 1658 4484 5824 9259 9379 3864 885 4968 6391 9479 7736 6805 7113 3223 469 4536 5143 5888 7920 3564 2628 6700 9319 1008 6608 3749 7599 1569 6095 7749 4939 827 9102 2361 3969 2861 4333 3012 5267 9230 46 5923 4806 1116 2490 3732 19 774 9239 2997 4086 2726 9701 7964 3433
68 3081 2383 4783 752 3586 9508 5140 9108 2162 8905 1912 1372 5358 7933 7659 9205 2443 3469 4000 4075 9610 4971 3221 9449 9225 6733 29 5735 6370 9649 366 5339 1699 9682 8557 8923 765 4816 6108 3230 5933 136 4675 6923 4920 4932 668 8664 3933 7945 6458 4203 1984 401 6870 6896 4663 1335 7640 7646 6285 3761 4159 8491 478 5419 5631 650
67 6303 4224 852 2828 5032 8244 480 9099 2749 573 1798 2275 2510 196 7386 8782 6490 3014 4615 3938 4459 2533 3946 9082 4450 8032 8777 3351 442 7342 1930 3559 8192 6569 5728 2732 7520 9620 3066 8308 6723 7892 1827 9550 7594 242 1455 3053 5141 160 8275 7266 118 5676 3900 7095 2898 8 5335 3690 6469 1043 5853 1426 72 3569 9530
71 5629 2250 1017 8940 735 2483 372 6239 5589 8739 7461 1500 7197 2545 876 6858 5155 9101 898 1183 8388 2566 6489 9680 8531 1953 1153 6158 3538 8521 7140 3980 3593 7182 269 2471 4744 4013 5902 8280 2002 7302 5607 5961 2347 2773 7904 8030 1078 410 9938 6081 9541 8361 3617 3793 104 7051 672 4778 454 9566 2449 348 9644 1101 9511 424 8304 2988 8233
70 6002 8712 1333 1800 1812 651 1682 121 3459 9878 4105 4907 1869 7714 7666 5719 7998 7857 18 9335 8160 1501 137 3861 4427 1687 142 7263 6852 7686 9638 1513 155 1949 1077 5414 5203 7057 727 5722 6107 5321 7819 7 4854 2750 3365 4554 8825 4330 3217 2127 9009 9396 1180 1901 967 8817 5458 1252 2259 1591 3248 1806 5931 9896 8973 3007 801 5651
65 1454 7868 4593 2376 6335 9686 7734 8648 8818 1718 3135 3084 5286 932 1318 6560 4362 2905 821 1086 1328 7905 6420 1110 4462 1570 9859 8888 4173 723 9132 786 2196 9333 4102 4234 7434 3600 5288 9521 9801 148 7070 6691 8674 3549 9518 8331 9758 5986 8444 8537 7684 1903 1190 500 490 7285 3473 4706 2929 8321 5899 3085 9214
71 105 6325 9865 8306 218 2990 1786 4959 5677 1685 2360 4741 4850 3352 2340 8323 6602 1731 5709 349 2597 7139 9849 7687 712 897 3676 8344 3626 9605 4755 9402 8881 1663 2621 9840 5663 8863 767 3497 6144 5892 1534 7269 7821 4972 5641 179 6314 6685 2460 2941 1286 7943 1366 7141 8429 1710 1910 6110 1623 1450 398 5154 834 5755 2740 2692 3535 1613 8996
64 5788 4245 867 9639 8064 6165 3189 3787 4216 2035 6934 6131 5745 9234 3809 8704 2641 1334 8930 6937 8048 3097 6803 8452 4668 2676 9386 3052 7403 6949 6020 761 3372 5103 5139 9016 8868 3638 6775 3776 8199 9922 7961 9017 9162 2625 6792 4787 3371 2700 1338 3419 6039 2899 4453 7570 7181 325 2087 354 9776 4780 471 5205
67 6568 28 7874 6349 9137 3768 5929 4928 9000 5469 3342 8380 6987 5891 1230 1729 279 7366 9532 8403 2192 9429 1823 2662 7003 5060 6083 4389 4202 5498 5131 8269 2133 8082 8116 1240 2299 7808 3193 4118 8414 3552 299 4406 3319 3204 5199 955 3927 8370 7546 5531 6106 4125 4700 1469 1173 903 635 6991 7795 6930 7212 8860 6968 6438 9796
65 9523 8802 4255 5101 2177 4733 8811 2302 2109 6289 8556 5039 9813 7486 9905 1669 5381 7073 5180 8622 6281 4426 6548 1586 6316 4651 9496 1481 4342 8202 2421 4537 9965 495 6043 1940 3445 6247 9294 2650 6788 6127 3945 6839 9875 8230 4451 8113 3852 1246 599 9345 1656 9266 8495 7635 840 5773 8866 6249 9981 303 6905 5394 1977
67 4022 7565 7444 3966 1324 7497 8181 2222 2180 4220 6067 4853 8947 5750 7168 2723 7225 8156 8291 7027 3880 6058 9706 9928 6417 7879 7040 1033 3596 4648 9551 1611 4645 2181 9717 1346 8333 414 2327 3013 9659 4496 5040 9734 2798 4232 183 6078 775 8242 8975 3409 8764 4129 1272 1616 2889 9119 9630 112 8529 449 1571 9570 1598 3853 9595
62 9342 4510 374 7228 7354 3424 3713 732 8243 7360 8647 1857 6899 4267 8632 9061 5932 8326 9377 8065 1018 6066 6903 542 770 7391 5544 346 5264 1703 9574 5684 7530 6682 6777 8800 2598 1803 4837 1006 508 2639 5572 2602 3718 5799 705 9867 5186 8420 4299 3602 7365 716 4094 3004 8843 3805 4164 7834 3740 8667
66 4731 5563 260 3077 2696 9005 1850 2580 549 4405 463 9846 5431 7083 9083 2596 6528 5636 6789 2473 3773 4133 244 7563 3056 8171 7848 4305 2307 9709 4070 1502 8313 4010 2047 8196 5001 8461 7999 3820 9103 2485 6396 9140 5447 4843 5539 2727 6953 4149 2216 6861 3799 7514 6384 6376 2466 5076 1567 1927 3886 5622 5982 4207 9823 6611
63 3578 6355 5785 5792 7224 8962 708 6592 7034 3624 4041 5762 8405 4626 579 2787 8340 9656 3738 9269 9088 9711 5099 5362 4649 9337 4879 4861 7262 1058 3621 7832 6527 3244 8984 8107 6853 5043 7428 1523 6476 4143 5554 5393 8155 9426 985 2447 4493 5614 9553 5688 7129 1654 9471 2231 5056 4470 6104 2364 618 4027 4814
64 8101 2102 3750 5145 9048 8173 8071 3206 5004 6834 3924 2455 8091 329 1945 6605 5626 9663 201 7814 2958 5620 2081 1476 5866 8021 2543 7571 7446 6468 4508 4208 6004 9226 6529 6023 9746 1992 3789 7825 9125 1757 8692 3566 1164 5034 3714 535 4399 2164 370 1471 3822 5415 9156 2690 2270 5212 5340 1732 3594 9487 4752 4704
63 1254 3527 9667 2328 9557 2491 983 4150 3996 6911 3995 3688 7799 8169 9819 9948 7490 8965 4265 6702 9433 7465 7445 4121 2669 5872 5715 9369 2438 1843 4772 7137 7198 3658 129 8397 9614 1075 3751 9897 9597 9920 5927 1291 6964 7093 7350 4924 3737 4868 1652 4812 5825 2425 2309 1495 1403 5806 381 1225 5013 6884 5295
63 4613 3977 9789 8252 1129 8449 8456 5922 5025 8408 3070 8411 9399 2317 6342 5250 2377 3294 8359 3200 7451 4859 2461 9373 6194 6984 7716 5094 4781 9028 4142 3999 6346 8662 4464 763 8703 3916 3466 3666 4987 4439 6054 2402 3539 4498 7410 4654 247 4534 6124 3184 887 4310 4482 4244 8837 335 9295 3895 2292 6802 9040
66 4253 6034 2831 8612 4225 658 4982 9271 5893 7940 5871 3029 1273 176 1084 6957 6736 6087 5977 3142 2362 9473 4719 7632 268 6863 7732 5463 9779 7208 8367 3261 4056 7578 3408 755 5640 3824 1336 5692 8587 6494 884 613 5884 255 505 7733 7676 2111 8139 5037 2484 7737 8867 2695 4033 7155 3650 2108 8498 9047 5485 5594 1606 4815
65 921 6259 8785 9834 7420 8059 6831 6913 9357 1026 5858 5283 1332 944 1159 4233 3296 2688 4206 3964 7504 4606 5338 6558 4513 9237 8869 438 875 2272 7762 483 1480 9676 7314 7357 3031 7510 6695 5980 9626 100 1265 5246 5150 536 5098 3960 2663 3068 1013 9021 9674 8773 9999 8226 6807 9169 4051 7626 3837 9011 633 7499 1391
67 6771 8127 4210 4209 3022 2117 4403 4463 5518 7169 8157 9468 5753 8382 2159 5363 7293 6642 1902 7669 1605 2605 1755 1432 5807 9341 8212 7535 3736 4211 2733 2277 5979 7211 7685 5625 7372 1296 5111 5164 9199 7959 5194 7826 631 7333 3378 248 1941 8041 8804 4596 1789 4321 8847 1195 1156 7881 3109 9077 8758 6850 6009 64 5239 3869 2290
62 6122 4528 1200 1355 364 725 458 797 6071 8301 2366 1696 7226 7255 3017 4429 4770 4846 8795 742 7634 6270 8525 6571 5061 7710 8496 4991 1201 2665 5605 1563 2045 9730 326 6967 9929 5841 6120 7023 1741 1845 6938 285 7143 2660 6760 3325 507 6725 1973 302 8034 6963 7994 7438 6334 7206 7803 1169 8221 2951
70 9536 6694 7895 9631 3002 9879 267 3572 293 8229 9744 4024 1362 3561 7469 7954 5089 2486 890 7193 4308 8086 3000 4899 8822 1649 5697 3967 5047 7550 3550 3394 8161 1619 8198 6734 7127 1684 7628 2684 8921 8186 481 2321 241 3432 3125 9671 7823 595 5399 3884 9624 5252 2379 5810 583 4893 1376 6621 4525 2043 6306 8960 4492 4800 2432 1673 6204 2593
56 3358 2210 5995 6116 7145 3689 7017 9206 8209 7311 1475 9245 3270 5743 1528 3509 9843 959 1478 8809 4198 7548 6641 6297 1463 945 9519 3178 6132 5630 9171 347 307 2246 6939 2026 2173 2229 6343 8900 756 5493 1351 2407 5242 3043 8210 9893 4438 3641 3512 2475 5746 4109 4340 5775
64 7780 8705 8208 1379 4670 7398 9944 3245 8138 9985 3414 8839 6232 8056 9611 6958 4475 2420 8827 6678 355 4261 3276 5617 842 3088 2521 6487 4162 744 444 3885 1578 9567 3327 1584 440 2975 8702 7829 5287 8310 8720 6940 5741 3971 2312 5590 3574 7750 8534 7898 6492 3047 4970 2130 1832 5662 6594 8175 4756 6075 958 2949
58 2953 814 1108 5091 8084 6751 8393 9637 3838 5445 6799 8706 1005 2336 942 9514 7498 8104 9364 5558 50 11 614 6254 7389 9486 6290 8738 6477 5172 5920 7041 6199 3973 8459 2112 6505 6900 4357 7495 1702 4609 1231 3046 8023 9653 4836 5003 762 6946 5422 5573 3359 3113 461 3639 3499 999
60 853 6333 1844 1394 776 3475 8457 4301 9911 2208 3252 591 3255 4894 2702 905 9509 8684 9070 4847 2113 5989 2792 6400 9262 8133 2411 6512 8319 649 904 7437 7500 2568 263 6353 6403 6302 56 7221 5487 4328 388 3301 9564 4727 8759 6644 8129 2283 9876 9430 9232 2185 3525 2300 7924 3463 5114 5426
62 9684 6196 1922 9298 162 6514 5623 3597 8735 7627 1284 7170 6373 1356 5494 488 8473 3357 7325 2827 9512 9807 7582 6875 7963 976 4763 2344 8016 4742 7133 8259 8643 7476 9998 6387 1640 4085 180 8480 9587 1858 2945 6758 4555 9419 4610 7622 514 8087 4750 5924 1382 8610 6166 5646 6134 6998 6220 5373 7102 700
61 1357 9926 7786 6372 1090 2073 913 864 5602 7956 97 1970 6035 4441 1884 5078 4016 4604 8300 9144 4404 9465 9528 2886 6050 1 4557 9046 6877 6628 8158 4946 1537 2110 3576 9276 7159 407 9264 8200 2753 7888 1887 5731 7564 3343 2256 4113 802 5546 8190 6698 1496 4146 3458 2872 7013 7757 7184 8550 8135
60 8580 3282 6525 4711 7506 7241 6193 6064 829 9516 6555 6589 5444 1748 9693 4686 2974 1087 8419 7479 3263 9641 8671 4653 8563 1955 759 3162 7103 5495 7231 1581 8425 6315 1632 7889 8519 4570 52 193 6714 1057 9507 5648 1536 1876 4549 1456 6530 9830 9400 6350 254 1713 2193 1783 2125 8908 318 1063
58 4359 7783 8997 6307 646 8571 5357 9174 2488 5389 588 5628 324 7236 2445 4106 8028 6518 9513 3814 5643 379 1511 6924 494 6726 4955 2714 2658 1840 6111 5026 4614 7200 8295 3978 1488 7385 6629 3672 7681 3657 4488 4424 4280 4139 7069 8095 6462 3896 4148 6904 3495 9712 9609 1413 1453 1706
66 6517 9691 2619 9013 3990 6089 9472 8163 2356 7657 5328 4154 6118 6401 4007 2880 1157 9105 154 5271 3965 5421 4491 8656 7797 935 6894 4725 8524 2871 2515 8856 4786 4499 992 7573 7283 2592 4372 4595 1624 6443 1720 7079 2319 5123 2839 912 5816 4035 4865 4738 226 4054 5081 8029 6768 7630 4838 6170 4240 2708 8999 2757 9050 1221
63 8342 1274 8430 8748 8357 5576 3523 7454 1979 7913 3338 315 7085 1814 3874 1987 433 5179 3976 6140 9195 5778 4842 7433 2754 2029 6739 2128 812 8396 5272 2492 2806 6962 386 1088 2653 6079 7912 8401 1047 2226 3129 6607 6565 7196 6539 611 5978 2287 5268 4373 7615 2741 5356 3437 8578 8355 9252 7044 2006 3692 153
59 7975 6689 4541 17 1950 9647 6326 3253 7273 9596 8757 6466 3376 5174 4059 222 2419 9427 645 2564 5187 6180 7673 4737 2979 7558 6432 2187 492 5737 6226 4080 4112 2278 4839 4676 5409 9122 6380 2527 8732 6362 5519 5971 5695 4258 1535 4230 7053 5299 8926 1664 2372 9290 5214 9716 9355 4776 3461
55 772 8608 9480 1565 4572 3728 538 1780 6288 8217 1848 297 1161 2972 8707 9683 830 8972 9297 9209 8497 5642 7700 2631 9098 3662 2888 5505 5378 8283 7763 214 3137 9616 9668 367 2508 169 9421 669 5443 5270 6147 4167 8882 8475 5104 7587 1517 5718 3096 8796 1552 9299 5072
52 1743 8271 3222 5655 923 1625 2453 3754 5464 6649 3293 6724 1341 2200 803 7218 3928 4509 9525 2245 5541 7081 2697 3567 9409 4656 9323 6521 3939 4378 8288 6851 6653 3213 9852 5730 9794 7378 9617 3067 2581 8688 3897 6282 4335 4902 3344 9673 4414 7171 270 4226
62 2742 7098 3337 1400 9946 9401 847 1582 4826 4618 4023 5708 7447 9726 1931 5672 9534 3790 6712 2910 4191 2070 7292 7585 1224 1781 7248 211 1117 4740 9066 1050 9387 3418 2462 8276 3400 9197 4934 369 9325 4883 7126 7033 1894 9344 9453 2151 5804 4277 4213 48 4276 4761 3723 1451 6450 8348 6418 9996 4157 1135
56 1073 5957 7217 3231 3891 8336 5567 7932 3890 5958 5880 101 2341 1918 8614 4693 9560 1828 6977 8599 2821 6223 2387 7758 5479 9483 6119 9292 733 3250 3677 7307 815 4477 9196 1054 361 6048 1457 5095 4421 998 9729 7238 7893 3753 4669 5786 2837 4855 1392 5732 7088 3152 2970 8254
57 9578 562 3397 9783 9901 3089 7373 7624 9316 8054 6827 2271 4187 6195 3615 4860 7064 3329 5038 1213 5385 2333 8119 5236 9405 6965 7813 5331 1645 4103 7353 5248 6146 4623 2224 1886 7836 5627 4538 14 418 5790 1383 2219 6323 3605 3287 9598 981 2326 6841 8031 274 8713 1439 6439 4365
57 5468 9085 2131 4911 524 5733 6336 6759 2118 8626 2227 6045 7189 7210 4043 1906 1763 3571 7591 6617 4522 9469 5484 86 6786 3370 8168 3102 7515 5758 1114 9666 6365 5943 7271 9877 6624 4332 2869 7310 9326 5752 6692 3401 9359 4471 2032 1353 2549 7859 4637 7012 8560 6483 2615 5581 947
43 4845 8373 3470 7779 7124 758 1819 96 982 9681 2015 3389 8362 1068 4177 3180 99 6895 9931 4317 2982 1137 8124 2464 2369 7831 7493 2671 8762 512 7491 7953 2981 2845 3801 1094 557 5972 5800 2666 4199 7114 2800
31 5827 9312 938 1122 3616 5565 4072 6451 6453 9283 7556 6837 3674 66 6321 3211 7075 6072 6706 920 7265 5202 6338 7882 2939 9091 1662 7692 8341 8329 5606
37 3073 2206 131 2315 3599 4819 4434 7909 9757 8051 8990 9424 2324 2060 1416 95 6540 2225 7853 8780 5577 6743 7018 9588 1052 917 6846 6100 5842 585 6502 2220 7586 9256 1494 9902 6375
34 6448 623 713 5540 278 5477 8422 8490 9390 8787 5346 751 4120 7725 6426 6696 475 1719 3477 4368 895 8630 3063 2424 7035 6741 6414 4779 9060 6228 5220 6873 7130 1853
29 8982 1736 7778 9810 2034 3961 6545 5652 7172 234 2251 2237 3888 1070 2077 30 693 6175 4351 5191 3108 7167 8871 9935 1461 2882 9763 5379 8109
28 3747 3514 7233 3271 2739 5067 5947 6156 3026 5006 9552 2342 4128 7058 3175 914 337 2704 4598 9923 3983 3894 2546 844 5230 2683 831 7948
23 3963 2348 3786 1636 1171 2540 7431 1726 210 533 6670 1504 2010 5767 9024 8140 8761 6772 3446 2204 7702 2114 3609
20 8223 8942 8597 1866 604 6742 9707 245 7844 6433 9177 1667 639 559 7146 8378 1963 838 3441 866
15 5956 3920 264 9547 7199 5727 1530 1142 8148 6398 7363 57 8338 7557 965
18 984 3684 4312 7656 1830 1409 8621 4851 7099 1358 4633 3941 1145 7276 1771 4448 1458 8675
11 8489 5716 3889 8901 4551 305 1856 8601 6591 3942 5152
0
0
0
0
0
0
0
0
0
0
0
0
0
0
0
0
0
0
0
0
0
0
0
0
0
0
0
0
0
0
0
0
0
0
0
0
0
0
0
0
0
0
0
0
0
0
0
0
0
0
0
0
0
0
0
0
0
0
0
0
0
0
0
0
0
0
0
0
0
0
0
0
0
0
0
0
0
0
0
0
0
0
0
0
0
0
0
0
0
0
0
0
0
0
0
0
0
0
0
0
0
0
0
0
0
0
0
0
0
0
0
0
0
0
0
0
0
0
0
0
0
0
0
0
0
0
0
0
0
0
0
0
0
0
0
0
0
0
0
0
0
0
0
0
0
0
0
0
0
0
0
0
0
0
0
0
0
0
0
0
0
0
0
0
0
0
0
0
0
0
0
0
0
0
0
0
0
0
0
0
0
0
0
0
0
0
0
0
0
0
0
0
0
0
0
0
0
0
0
0
0
0
0
0
0
0
0
0
0
0
0
0
0
0
0
0
0
0
0
0
0
0
0
0
0
0
0
0
0
0
0
0
0
0
0
0
0
0
0
0
0
0
0
0
0
0
0
0
0
0
0
0
0
0
0
0
0
0
0
0
0
0
0
0
0
0
0
0
0
0
0
0
0
